15754
10008
17279
14411
13944
18954
18240
12936
10461
17167
17600
10349
19462
16097
15402
10241
19454
13710
11695
17876
18216
18279
10062
16408
14956
14423
11037
12156
14150
11239
13807
15995
15358
11965
19576
19023
15943
19573
12809
11962
19157
12910
17217
19422
18273
13587
11747
12078
18625
14651
18176
12168
13275
18296
15894
10205
14778
11330
11422
13784
15056
13954
19858
12516
17754
19471
12961
16705
12589
10065
13953
11146
19212
16448
12161
19660
18879
17260
11674
10358
15832
17508
16865
16493
16714
13960
14247
12737
15546
19443
14506
12241
13885
17261
10740
15451
10571
11637
18960
17727
13199
19919
14713
19141
13873
17619
15350
16482
15152
17877
10867
14445
18138
12784
17549
10277
13616
15243
17693
13727
18879
16472
15580
12048
17381
16119
14569
18028
15759
19036
12670
17512
12905
15210
14317
11787
18736
17094
14159
19256
16140
11625
14655
10379
18139
12604
13008
19592
13754
12774
14560
17985
10270
13942
19126
10973
16641
17791
13989
15861
12640
19642
12233
15242
11024
12377
17954
13528
15428
17953
10509
15518
15054
19504
18413
17925
18276
17906
19736
17005
11206
12858
19968
18068
14024
10007
10154
15509
17366
12479
17831
15250
13473
17279
10793
14960
11925
14468
19052
11324
17787
19755
13460
17713
10769
19204
10463
10109
17638
18139
11142
13934
16476
14980
19346
19445
10684
14774
18042
18854
12602
16465
15260
13961
11503
12575
10963
19173
18401
19908
14050
11074
10547
15107
14292
12411
11815
19501
17477
15265
11267
13466
13280
15501
11109
11817
14462
18169
16970
18123
12870
11387
17986
17736
12425
14526
11523
16401
11782
14955
17534
13753
19678
16524
10517
18747
14096
12048
12869
17131
12370
11568
11971
19457
13046
17887
14819
11750
11950
11035
18202
10033
14263
13652
19487
14125
11611
10028
12929
15822
18185
12554
19067
11459
12725
10685
10263
19101
13863
19145
13754
16183
14709
14082
14624
14283
18900
18182
15098
13869
14328
18255
13235
13403
12724
11831
13652
13946
12890
12396
15276
12544
12957
16494
16274
15130
12323
19759
14292
12368
17069
13037
10929
19980
13607
14299
12974
18421
14073
16740
19343
15485
13532
18615
11897
19374
13476
15725
10352
19126
18269
13193
16334
13862
11208
19175
19329
12287
14718
19536
17730
19088
14766
19110
11486
15460
13127
12177
18953
16845
12288
12035
19468
12140
16935
17146
14910
15149
12796
19232
18024
10840
18339
16909
12646
16106
17325
16980
11169
17123
10542
14328
17505
13210
13168
10519
19643
10070
10179
10684
14479
13728
15965
18013
19030
10120
15877
15292
16329
14320
16856
13323
11412
17651
11431
16751
12585
10585
14438
18879
15875
14263
14596
18376
16031
13672
13739
12425
15735
11144
14927
12840
15769
19634
16936
13941
12846
11457
16685
13570
18471
19688
13058
11527
11820
16135
15264
12934
11909
12045
16387
17530
19528
15027
18120
19767
17386
18468
15781
18717
17715
17790
13680
11254
10138
11217
19662
16770
19109
11446
14205
16741
19347
18582
13877
17905
19849
14024
11091
13475
11820
19605
12179
12885
13587
16186
13569
16852
15996
11219
11521
11244
15142
15270
14299
10170
15312
13425
16938
15979
14010
18652
17824
11474
12591
10685
13193
17526
10637
15839
10356
17479
19519
10206
12955
18292
10757
11225
11891
17159
17817
10253
13704
11544
15679
11894
14098
10004
11230
14186
18117
10934
18859
17416
19993
16513
19901
18361
15132
19452
11619
11022
13841
10932
11258
14566
11450
19098
13355
14100
12299
18812
14013
10168
15672
15072
14084
18400
10239
14386
14353
11613
19810
10741
19698
12874
17255
15340
15956
19463
15402
12209
12755
14573
13315
14995
17910
15619
13962
13754
14181
15499
14550
14447
17143
15911
13960
17924
13708
19833
12638
19702
14471
13700
19108
16597
19425
18458
13773
11345
15862
12669
15135
11776
19281
10185
15688
16789
13010
19465
14803
17418
19887
11601
13716
17624
19838
19345
13378
16072
10484
19940
19362
17134
14008
10516
19295
16646
12414
15909
17351
15492
15072
15301
17220
12053
16952
15879
19660
12692
13322
18818
13275
18058
16845
15339
17464
11749
15984
18326
14605
17091
19427
18049
14527
17204
19833
18907
18052
13330
11632
17789
17961
16481
11827
13642
15143
17842
19789
12135
14867
14128
11891
18955
13124
15057
19520
10153
15828
11484
14408
18273
14270
14385
13621
18454
18708
16809
17556
19688
18182
13249
18255
12486
18767
13416
12082
15762
14325
10330
10317
12532
13542
15856
13604
16156
14509
10313
11334
16260
13484
16669
15051
16239
17545
13916
15723
12300
11827
18767
18350
17347
10813
19504
13794
11729
19654
10973
16939
16843
15962
15066
12319
16880
14653
16762
13239
18662
18458
11849
18039
19401
14532
18731
17659
17488
13230
13436
11946
11971
18565
13857
18243
12235
11116
16559
14708
10592
13250
17066
12577
16995
13356
12434
16067
16854
10561
13153
16030
10111
13837
19909
13583
12110
19761
19608
12955
14560
11344
14211
18563
17971
16252
15360
19937
15269
16519
17592
19530
10010
13454
13005
12688
11583
10761
10638
16078
14131
16172
14543
10718
15498
16811
15564
18483
17475
16432
13158
16331
18850
13210
15252
10893
18307
15274
16098
17102
15126
17413
14347
18475
11783
16457
16177
13407
14051
14719
11180
11349
11025
10576
11948
15111
19607
12804
11821
10689
15389
10552
19080
14020
14675
14044
10043
14801
10378
11973
17977
11195
17942
10372
19490
15572
16091
14274
15197
10738
11235
17891
16834
18112
13618
11214
18677
14138
17971
10967
17219
18961
11317
11647
19325
11784
15853
18042
15770
10690
15363
14045
14029
10759
19506
13864
11459
13274
11499
10763
17584
10496
11197
15404
12127
15064
17400
10514
13616
10407
10314
11139
11935
18727
17554
10040
17020
16095
14767
15969
15047
19995
15094
18442
12950
13233
19963
16463
11822
19584
17470
10154
19922
10728
13538
13684
16321
11124
15397
15050
17033
17263
16501
13306
16391
10462
16983
16626
17873
17812
13944
15246
10149
14175
11452
11768
16143
19254
11005
17560
15130
17665
19373
18075
10526
16654
12226
11796
18885
15671
18813
17188
18853
14340
14977
19569
12351
10554
19338
15143
14100
18370
10122
12541
19740
16213
18248
13190
17260
19470
15576
10579
11263
17968
15993
15072
14613
18090
10915
15280
17479
11285
10160
19237
19461
15626
13726
18604
16530
14671
19959
16955
10834
18453
10828
18851
18092
14604
15605
19826
14239
13842
10058
18692
10295
12848
19545
12643
11963
19387
10771
12488
18429
19002
18898
10102
12988
10007
13712
12627
16696
13633
11055
18323
15043
19183
13444
17095
16828
19854
16846
14652
13851
13454
18982
13025
19840
13682
18176
11755
17087
11857
10788
13428
19708
16045
19561
14435
13101
14340
14824
16856
10271
11779
15469
10178
16946
15799
16785
12200
19142
13469
17880
16904
18736
14817
12210
13375
14905
10487
10978
13876
11891
18712
10616
11093
16411
16078
12397
14277
11299
18993
14329
11471
15440
17837
12924
10404
13929
13838
15167
13689
16528
19456
19082
14973
16943
16676
14648
11425
10249
14047
15504
14495
10844
12484
15883
15307
18740
11945
16508
13218
17698
15913
17816
16084
14748
18295
18797
18606
16963
17818
14981
10767
18010
18307
19683
11810
13979
19317
18431
16453
15233
10519
17766
19151
18646
14969
16011
19057
12474
10916
15474
13046
14324
19179
12643
16693
11207
13265
15368
13385
19514
12415
13766
19915
11871
13505
14648
12822
17342
16374
17626
13545
11172
18564
14756
11957
10388
19652
14548
17333
11955
12433
15496
12891
10907
18057
13885
15152
16903
14859
15589
12123
18968
16154
11781
14968
19880
10510
14071
16279
13564
19138
15429
14311
11193
18961
19448
16628
14226
16636
11982
18469
15562
18348
16026
10881
13170
12559
12783
11129
14089
18053
19337
13247
10538
17582
16075
19715
14020
18256
15050
16206
17755
13356
13861
10097
12583
16725
18310
19999
16538
10082
11066
17974
13691
15674
12905
18293
13617
11501
17687
16575
18801
14057
12175
11010
13688
13951
17062
12973
15721
13144
16075
17790
15639
18549
15965
17696
11648
15730
11317
18060
19598
18135
14644
14877
19235
11824
13997
16199
14830
13056
17507
12678
16953
16187
16615
12768
11042
12405
17592
16190
17581
15538
13916
15278
18101
19806
10504
17560
11063
15824
14458
14474
11735
15353
15965
10561
10557
12361
17322
14619
15255
17810
17659
19335
12944
18230
15873
18751
19806
13657
14524
13519
17603
18757
13003
12377
18222
12102
19160
14517
19728
12452
14743
11606
10009
17649
11514
10101
16978
11236
11691
14173
17496
14323
18514
17107
10760
15317
10134
14339
15677
18169
12797
14416
15915
10570
17314
15155
10823
17097
16227
10981
15115
18773
17719
14051
15366
19709
16330
16104
16746
13534
19844
10227
19102
17185
16340
11689
17580
17289
15307
14841
19267
14840
12003
18723
14007
17192
14757
17442
14510
12446
10811
12668
18132
10276
17474
14650
10309
14935
11825
15042
17520
10720
14081
19550
15865
17569
16756
10869
19876
14567
14288
12769
15014
12180
15461
14255
16452
19774
14059
18728
16206
13605
11530
16803
10469
11909
19149
13025
19065
17872
16117
16098
19347
18383
14400
19455
17604
16288
10675
13990
12018
16524
10717
17611
12600
12001
11785
16893
15139
13399
14145
14566
18198
18138
13706
12837
14454
17687
13951
16600
10247
19137
16837
12496
10139
16476
19128
19459
16459
19359
12753
13914
17381
12350
15242
18108
10866
15587
18962
13165
16000
18582
16030
19473
17678
12522
19063
15661
15405
12814
16657
14128
12029
12856
16466
15343
13656
12066
18057
15426
17684
16047
12335
11488
11940
14423
14273
17029
14227
12386
10917
15343
18240
15253
17196
12324
18784
11456
17928
11315
16486
18311
15626
11713
19800
16593
10146
19966
19980
14576
18084
16224
12934
19436
16903
12501
10384
14178
11248
18447
11590
11186
16594
19019
16063
19259
18481
14265
17136
19668
13926
15206
16057
18121
15313
11342
16336
13781
16013
14750
18493
13525
11336
12869
16058
19471
18023
17153
14712
10477
10387
17516
17772
13798
11520
13202
12903
11355
13464
19098
16885
16215
11177
12814
17532
18739
11271
11903
14470
18655
18006
12475
13362
18779
15815
10179
11392
18529
19793
12010
15338
10477
12956
12742
17407
11238
11883
12906
18150
18704
10350
16193
10248
11299
13993
12913
11729
11327
17668
12715
12250
13681
11200
14158
11509
13290
18523
10925
14545
19463
19789
14478
14698
12998
16024
10762
11375
12409
11100
14231
16380
18860
16353
15884
19552
15571
19078
13277
11725
16333
17289
19552
10610
19494
19628
15383
13098
18343
11105
12479
15695
16166
12513
19757
13348
14397
13726
13619
15708
15282
18895
11958
19085
16271
14579
17369
11771
11930
10218
18897
10208
10611
14056
13168
13537
17322
16595
15145
14504
11298
17981
15966
15378
16629
15344
10302
18573
16929
11018
18536
13010
10575
12864
19633
18899
11272
13417
19111
15576
19843
15490
12690
19334
17040
18028
10323
10731
13920
17506
17188
13801
15836
16977
17912
12777
18490
16975
17800
15486
19625
19942
10190
16373
17941
12553
12152
16326
11576
18419
11739
10863
12136
16950
18719
13075
16642
12916
17310
12778
19008
15191
13840
18734
14703
12464
14398
16519
17097
18372
17615
10633
11655
18380
15494
15791
14644
16029
10860
18973
16273
16684
13450
10806
14318
12829
17895
12079
13202
16093
15976
18811
15190
17722
12352
17200
14951
10994
17710
17957
16063
16213
15763
18101
18201
11321
10863
17078
16744
18948
11127
13272
12315
13747
17903
16392
16372
12241
16202
11017
10390
11100
12251
16680
10399
18735
13736
10225
15688
19430
15485
16971
10322
18841
18370
18113
18821
14614
11999
13285
12774
16135
12440
18717
13523
12959
14627
13462
17071
12369
15402
18444
11373
12661
17175
15613
12820
10257
14103
17450
18317
15582
12366
10249
11688
14705
13636
18137
18325
11232
16159
18613
19930
15649
10993
14580
12069
17376
11917
12253
10781
18169
16249
19144
10943
14186
10416
11387
18325
18027
18502
15093
19281
11347
14152
12088
16907
13314
16300
16490
10137
10028
16932
14830
12742
15360
14774
19155
12480
14141
12237
19441
16771
14561
14203
18989
10128
17789
16306
13994
10401
19312
17254
16446
15309
18339
14444
17678
18218
18682
14598
18439
12173
17002
11517
10188
14265
12019
11148
11471
18126
11369
10115
12678
11011
11136
17645
12292
13318
16790
12354
17801
12588
13238
14796
14842
11161
16019
13801
18894
16406
15269
19730
14805
15199
19049
10498
10840
19756
12831
16956
15536
10211
17536
12553
17637
10493
19345
18584
11660
17878
10730
10284
14220
13406
13609
11012
19138
19868
12342
11389
12590
16363
16440
17820
13069
13710
10231
10116
14753
12854
19527
11088
17051
19282
13353
11917
17549
10024
12195
15877
10347
16270
12880
19552
16880
13788
14226
15077
11690
15478
16884
19128
11387
15142
15402
14383
10972
19294
10529
17048
18125
14269
14936
19586
12647
19202
16167
11344
15248
11540
16457
10935
17109
10675
10246
13372
19279
17011
16715
11792
18837
18304
16473
18345
16966
12512
18657
11285
12620
16501
17106
15679
14302
12953
12057
13219
11614
13663
16828
12640
17710
15910
17351
15944
13551
10109
16087
17247
14963
11126
10841
10420
13874
12660
13333
18925
15858
14020
11945
16204
17088
11214
18066
17882
15195
19793
15635
17581
10124
15171
19089
16681
13093
17243
15751
14568
13994
10041
14916
19987
10186
13896
17344
16029
12534
17115
15715
10960
17734
16542
18697
14597
19524
11520
18711
15289
15193
13782
16226
15670
17964
16538
11479
16314
10281
19697
17880
15171
17814
14513
10018
17240
19079
10219
13243
13324
10965
17228
11026
18903
16200
16340
10977
14161
14750
11074
10307
14070
17582
10708
16776
12985
17763
14882
11699
11755
10921
16781
17506
16523
14305
10761
13454
17515
11308
12069
19678
12990
16210
10799
11475
18209
12081
19624
12932
11795
13367
14972
11340
12204
13456
14334
11690
15107
16721
18121
13496
18494
13969
13167
10639
16018
10028
16334
18571
10708
12255
10917
12212
10527
19182
15608
12199
14498
19221
15602
16738
13065
10361
18119
11274
19259
13143
10077
18407
17789
10835
13960
16054
17688
12726
18993
12734
10384
18668
18710
15016
19127
15667
12672
13673
17590
10146
19664
11898
15195
12766
12043
11047
14164
16204
16096
16813
18665
10108
11194
11465
19543
11634
11393
15876
19069
14381
16668
18381
18898
13382
17417
16243
11016
18836
15107
19462
15822
16698
13943
15976
13687
19960
13330
11938
16378
10453
18536
10661
12488
17382
17459
19085
16732
15400
14696
11173
16341
12055
10186
13504
19094
11659
18656
19520
16585
10254
17794
15379
13197
14240
17640
12170
15970
13432
11014
16359
13047
17865
14982
12781
18710
16466
16347
12231
11152
14899
19916
18744
15079
19337
16926
10061
14982
12669
12412
18444
16530
19791
14532
17950
12859
18962
15906
18687
19801
16993
16876
18076
19029
16989
13269
14157
10999
18755
16717
16192
10125
13613
13868
13360
13133
17328
11957
13243
17760
17119
12080
17949
13060
11345
18285
17244
14453
13317
10096
14838
16344
13920
18481
16121
12661
11275
10382
13048
10989
19452
14990
14649
19084
12464
15634
19659
13526
14181
14853
11161
19021
19604
16582
11812
13426
18028
18604
12195
17971
14003
10513
14175
14329
17753
17235
15742
10224
12678
15834
13754
13052
13984
13836
16247
16659
19045
10547
16513
19853
17143
18993
17056
16473
13463
14984
12671
15941
19811
11566
18431
10081
12441
11649
10121
16696
15580
18942
11843
12906
17761
17527
17875
11573
16918
13349
13672
12270
19346
16697
13931
14184
17095
13369
13986
12148
18133
13619
14525
18510
13707
12208
18586
12976
17750
19934
14112
19746
13834
16858
14941
16261
16295
10125
18064
10732
13374
14733
15217
16212
11987
13913
12433
17465
15594
16893
12033
13117
18997
15704
17750
19651
16429
19449
15131
15700
12229
13975
16224
14791
16582
17255
19603
12178
12367
15929
14296
16770
12948
16485
18860
12242
14943
15269
14936
12415
14412
15205
17992
14700
19745
13458
16607
12023
19556
13528
15693
17996
19336
17307
18311
12309
16314
17466
15399
13339
17982
18234
12622
12769
16121
13070
18830
12670
14771
11066
11141
18930
17580
19977
17570
16182
17223
12724
19255
18454
17199
15937
10874
16636
14163
13627
19643
18589
17234
16453
10351
10184
19166
17206
16433
15931
13178
16112
14687
15944
18345
15340
14418
11980
15926
10721
10087
19025
18789
10084
10251
10458
16171
11847
14583
14264
16419
14549
15035
14882
11055
17857
16876
10373
14569
18253
10212
17346
15624
18066
12888
16737
17077
14841
11189
12012
14119
19098
15670
17578
12162
12486
15575
19273
18651
15047
16844
10733
15903
19841
15487
19057
15287
15557
10234
10751
16571
12886
15805
14272
10100
18408
10861
18540
13649
10539
12813
17851
10207
15719
14951
12294
17782
19353
10124
19373
17346
15368
19132
16943
10487
10170
11314
19742
14028
11725
19480
11808
14883
12098
11168
14910
14801
12309
13580
18744
11243
11615
19973
12096
17661
19456
11264
15442
13658
17207
17735
14501
13163
18619
12185
11173
16596
12352
17786
12984
11255
17387
10901
14643
12652
12224
11640
15679
18385
11824
12632
16231
15268
11950
19555
19025
19913
19249
15345
19319
12723
16792
13683
16196
15371
19019
16335
17931
12179
17088
13257
11392
16617
15470
13977
10426
15063
13316
13693
10989
11398
19571
17795
11463
17587
19126
14041
14993
17398
18409
12522
16960
12692
12685
19701
14811
14269
14126
14322
19279
12195
19211
19805
15794
13721
16373
19816
12365
10443
10010
11193
15522
10185
14905
11103
19069
13247
15916
13388
11333
17099
11429
12422
15358
18408
15424
11482
13047
16352
12273
16622
18680
16589
10431
16362
19379
10932
16009
12108
10164
13867
14898
14166
19002
13307
12615
13429
12927
19710
14281
19415
19759
14581
13288
11162
11170
16699
16118
18697
11972
11975
12493
19268
17331
10767
14584
14352
14354
14655
16371
10571
16988
13257
14388
10050
13472
10454
14092
13546
13762
18575
11860
12685
10259
18537
11256
16046
18935
13734
13574
17495
19549
15522
16957
14168
13004
18582
15365
15828
11095
15129
18588
16898
18925
17991
17088
17462
13070
13870
11016
19707
19229
19814
10970
11894
11504
17828
19206
12766
11780
14874
13912
15519
11659
18069
15901
11936
11382
17804
16582
14098
19793
14721
18476
13202
16950
10000
14662
12448
16306
12256
11540
13713
16496
18494
10095
15753
13745
11021
14414
15097
14644
17024
12684
19417
15633
12552
15062
17207
19898
18107
14893
16872
14604
18713
14600
12967
11388
17378
15204
17257
10833
17199
18968
17488
17343
14010
17882
17373
14210
18437
16873
17093
19981
13490
19497
14845
16267
11432
15606
16459
14067
11540
15058
11884
10306
18595
18829
14495
18876
10480
19110
11584
10726
12077
12934
12147
15740
11813
19634
11149
15010
16684
11091
17786
15973
11329
15123
18984
14358
16865
16562
18341
16338
15511
17676
15038
11443
17855
19391
16850
11824
10530
17442
16345
16257
13484
13092
19578
17939
17638
16307
12150
13534
15702
10408
18386
17252
11208
11133
15545
17722
13358
19750
16491
17416
18262
19431
11033
13977
10272
16433
18306
10383
10722
12801
19927
16169
15141
15292
16500
15060
14227
16003
17995
15356
18307
13791
11971
18103
19749
12001
12283
14722
12948
17219
14859
10108
16848
15839
16509
19440
10706
10075
17297
16907
19826
12693
16951
12451
14310
10261
11048
18186
10569
17962
13243
19629
12224
15151
15692
18184
14389
19733
11000
10293
12857
11171
15529
15664
17619
16490
15669
11581
18386
10968
15864
12906
18283
15402
19532
17618
10718
14787
11838
15937
13619
19059
16282
16988
14636
15144
15465
10732
10734
10981
10064
14471
15665
16400
19043
12605
19193
12790
18423
15523
12706
13349
15599
18525
16823
18356
11039
14478
17965
15401
19542
14573
12529
12794
18703
19952
19220
15477
13170
13283
12409
16666
19411
13410
11972
15219
17220
18070
17940
18212
11019
19405
11513
10600
16094
14493
17555
18995
12353
18417
17443
14554
10957
10571
15379
10794
17193
15820
15690
15719
16350
10880
13411
14093
18056
12917
15569
14892
18484
11648
15955
11029
19182
18539
11899
13302
15891
16595
17581
18146
10629
12165
14752
19308
15587
15720
18403
16798
17919
12076
11839
12605
10404
11789
12967
11574
14107
14470
11095
17566
15678
11723
11542
19572
13738
12054
13492
19794
15924
12629
15090
15884
10554
13081
18620
12504
14699
14702
17716
13155
13408
14290
18078
11841
13290
15708
12884
15545
17272
13746
14214
12705
16393
14301
12189
19961
18764
12057
14245
19228
15469
11874
17970
19911
18109
12920
12308
16460
12912
15185
13547
19823
11940
16510
14476
12415
12716
14483
17403
10183
13867
11650
14272
12020
15790
14359
10047
16357
12210
15270
18731
17126
10594
17049
14903
16414
16823
10113
17541
19138
12258
10412
16967
15852
19423
14174
10305
13398
15844
15322
15554
19534
14330
17833
19469
16898
11917
19676
19911
13705
19041
17191
18931
13438
15102
18775
18980
13443
16542
14542
10909
12833
18759
14285
19111
13390
13783
19501
16080
13256
11479
16504
16006
12119
13225
16724
14521
18337
13537
17171
19691
12976
16868
18738
17524
13097
13978
12542
13790
16777
14681
14812
12797
15355
11496
18952
12914
14171
11852
19396
18095
11655
14775
15593
14427
18064
11759
16052
10828
19377
10446
11746
13402
18915
14084
15402
13684
19078
19342
18171
12037
18292
19988
18032
18788
13706
14189
14899
17337
18508
18746
15850
15469
13764
14427
10156
13330
18713
12786
17873
19142
10030
16300
17621
16634
10277
10502
18901
11362
17949
18888
11772
16637
16830
18799
12085
13589
10269
19258
13538
14094
16788
19753
18842
19689
17069
12369
10968
14431
18751
18318
12092
14727
14718
13929
12167
14533
12583
10483
11320
10086
17933
16839
10216
14318
11572
13806
10408
17443
11481
14403
12290
16884
13472
14718
11731
16643
10669
15972
17730
13503
10819
19536
12494
15032
12192
13172
12254
12279
13354
18577
11774
18247
19466
17389
18088
11733
17905
15309
19265
15043
19022
11675
12178
13113
13581
14929
19171
11170
17096
12741
17279
17726
12640
19299
15266
19851
17978
11186
13080
18068
19861
17653
15550
18887
18246
10653
17155
14056
15786
14978
17519
16952
13490
19050
17912
18132
11694
12497
17496
14096
16610
17513
14304
15542
16631
17156
10020
13993
19296
15278
19513
18583
19364
19539
15759
17998
10798
11113
18331
16088
10620
12115
18916
13518
10591
14492
10476
11956
13443
12246
17631
11773
14012
12151
14558
19013
12022
16851
13326
12448
12500
18220
19928
16980
11862
18150
17487
15307
12526
18567
16135
15859
16625
12410
16852
11287
19812
12538
12220
18500
19503
16097
10487
18127
17948
17748
10567
18666
19483
16336
14728
18051
13011
16078
12544
13363
15335
15130
14447
17572
18271
11572
15657
10734
12696
19207
11652
11924
15607
13364
14446
17301
12091
19948
14866
19192
12717
19316
19852
10853
18234
10282
15275
11647
17739
18529
14266
17764
13484
17982
18128
14366
15366
13397
12018
16017
10787
17254
10348
13625
11079
14354
17492
17754
13959
13064
17856
10154
12577
12988
15627
17605
15672
15086
18548
14762
10022
11685
12017
15618
15983
10703
19443
16374
19196
10466
12339
16051
16766
18973
18950
15032
14162
14180
13325
15832
19885
19961
17735
14896
18553
15720
10027
18979
19483
16381
14179
14763
17059
13419
16580
15747
11216
16924
12884
16181
11249
13308
10195
17823
13792
13211
17219
11656
16299
19368
10629
13323
10669
14788
19370
18029
17739
17474
19817
17917
12267
19048
13882
12528
19835
11180
18933
10834
11524
15534
13170
11564
19683
10001
12587
17069
18185
16510
15952
14785
13626
13371
12389
19553
19633
18214
12116
19444
15111
15931
14595
17600
18654
19722
19978
12612
15558
12320
19090
10404
10950
18828
14396
11286
12366
12124
19399
16875
17789
16856
16749
12904
10656
18147
15980
15612
11602
16813
10224
11343
17832
13679
17520
11297
14922
11805
16416
15911
12588
16917
17437
16301
15483
13129
11685
13380
12453
13198
15358
18785
12849
19943
14291
15612
16457
18222
15758
11092
14410
14947
15730
17792
12052
17912
18511
14724
11120
12979
12302
14827
17873
13092
18571
10667
15800
11934
15341
15946
16425
19642
14509
16398
19373
17936
11116
10034
13333
17272
18145
13309
12891
19153
13862
16748
12227
12628
19972
10891
15687
15205
17925
10938
16873
14840
17634
16423
12510
11542
17493
10438
14655
14207
17166
11475
15004
10725
14895
19743
18013
17187
19217
19030
15368
15025
10941
14612
12913
13329
14994
17464
12563
17245
13280
15163
15997
12342
19159
10240
13903
19191
11250
17462
14464
11941
19379
12547
17392
19694
18204
16166
15320
19649
14791
18704
12655
16602
14779
13261
13080
14212
18078
16609
10821
19661
19096
10425
17536
14796
18398
18030
16189
13688
12353
15057
15673
18619
14898
16010
15057
13965
10803
12514
14365
10199
13018
13193
19547
18250
17580
19598
12918
17872
18339
17354
16776
12334
10357
16820
17089
15734
15168
12911
16245
18556
13320
19493
18666
11701
19635
19732
10766
19177
14410
10185
17224
14817
19467
12997
18811
19049
11338
17584
13142
17494
15224
10436
18608
14468
12332
19280
13499
10846
10185
15696
16856
17652
10100
18559
14940
13777
18625
19159
17393
18728
19977
17690
10114
18986
14707
19984
17688
19674
15746
12783
16798
11557
16726
15659
13481
17102
19101
17744
11285
18304
13902
17863
14463
13316
11222
17358
10167
18512
15493
15916
16296
17548
17462
12059
17086
19267
14410
11615
16879
11785
18584
19408
13572
11026
10090
11745
17163
18119
14571
19819
15571
11579
17848
17043
19405
17001
19449
16593
19751
19093
14414
18911
18183
18351
18111
12768
16196
17376
11922
17680
12047
19910
18630
19851
16595
19050
15037
18690
16143
19755
16017
15949
19518
14770
18464
14988
18663
12402
15920
13360
16876
19181
14576
17938
16477
10399
19227
18147
18192
16749
13365
19519
17804
15825
11052
16734
11751
13160
19465
12612
12251
18611
10092
17079
14255
10421
13445
18060
11104
11101
16811
14440
13074
16354
17143
19783
13195
10760
11449
14297
17697
11619
15215
11754
14208
15447
15318
17446
19483
19969
17667
13112
19779
18162
11363
14823
11317
19848
10572
10199
15230
10693
12477
12089
11276
18056
14719
16822
17310
18067
18528
16510
16885
18589
14394
16519
15761
18211
15586
11181
19096
12362
11048
13123
15095
13764
13332
14129
17569
15954
19057
18413
19412
15427
19108
12329
11368
10041
13310
18133
15618
18778
19597
13183
11669
10696
10859
10184
12894
18960
13611
18488
15570
19203
11333
11263
18770
10168
11961
18446
12637
18560
13371
10744
14642
19337
12874
15740
18251
17328
16788
13090
16114
15938
13952
12231
10377
13996
12687
12589
15972
12328
14145
13300
18865
17523
16279
16693
10189
11529
11699
17386
18848
12220
19595
16758
19779
11875
16580
10748
12389
17638
13849
17475
13857
10436
18328
10007
14940
16626
13664
18767
11778
19625
12833
17486
15724
17224
17892
16462
14678
13911
14007
16896
13654
16549
14244
10515
19284
16055
18816
19422
12882
17350
17485
12073
19341
14768
16668
12718
14565
10381
13375
13176
12517
18220
16619
17883
13981
18271
13135
15372
13116
10302
18382
11919
14568
19041
15617
16054
13471
19076
15603
15756
13005
19944
16938
13786
19361
19293
12404
10338
11925
14786
19790
16427
17300
13428
16643
15846
19372
10395
17148
18321
14057
18124
15883
11567
16592
10392
17626
15364
11252
15464
14549
16472
18276
16947
12169
19227
10386
10993
13232
13026
11836
13667
14347
14513
16146
12895
13641
19282
14834
15286
18953
15163
18351
19237
15161
16776
12150
12326
16139
18873
15377
12704
11496
14298
17008
11386
10816
10826
14426
14739
18384
10041
12441
14221
19552
10535
16473
13482
15850
17191
12320
11289
19671
18061
16260
12456
10976
10480
13523
17913
17815
18415
10180
19379
19672
13770
13366
13729
17663
15440
17403
17040
18407
11161
18889
18597
19056
18935
12093
10648
19401
16713
17100
10608
13235
11333
17081
18557
15229
10278
17776
14390
11444
12715
11822
15797
11339
19515
12926
10334
16595
15444
10013
12314
17436
10593
19519
17956
10245
12217
14704
10336
11224
12664
14567
18997
19603
13820
11260
17785
10483
13595
14191
18490
11785
15371
11039
17133
11947
17047
10729
14402
15068
12348
11109
11639
17971
13397
14539
19053
19335
10185
17886
13361
14451
19579
19550
17958
10467
13724
15015
19868
15993
15351
14200
14258
15902
15323
18380
19061
16782
16057
11839
19413
11068
12892
13557
14018
18151
14394
17213
13305
18947
11664
13597
12289
16311
16249
18112
19441
17473
15972
17456
16524
16228
18124
13816
13376
12001
19838
11956
15886
10116
16201
14400
15082
12575
17652
12611
10138
11530
19589
17536
18366
18209
18734
11162
10826
18532
12771
11864
13038
12927
12065
10197
16471
11895
14820
18563
17985
10774
19988
17684
11185
16859
15396
15190
15807
19527
12141
16781
18627
19356
10080
18420
12193
15333
13450
18774
15701
10241
10079
14769
15685
13013
12433
19487
12938
13472
13839
10910
16005
19230
18626
12027
10937
16707
10607
17680
11609
18279
10419
11202
14814
15335
18482
14372
19628
12709
17085
17480
11051
13370
11992
12445
13855
13500
11287
10817
13674
17222
16738
10202
18963
17033
10866
17243
19160
10797
11140
12590
11586
18572
11189
13506
11996
12922
17836
12683
11459
14491
11842
17682
15308
10545
19750
13979
18256
17964
13975
16049
13458
13727
18395
15092
12308
15347
17066
19126
16042
10853
14432
10949
19857
12990
16406
12187
15187
15085
13028
17101
16003
16683
15095
18128
10578
15500
19060
16228
11028
18490
16834
13026
19107
18913
19684
18468
18239
18168
18296
17252
18581
10836
14342
19645
14008
18926
12376
17471
17386
16584
14707
14015
13171
19731
16112
17407
14532
15966
19632
10626
15444
18894
19543
17700
16988
17570
12631
14893
11023
16161
14325
17720
13715
11100
11944
19485
16045
13044
13364
14686
18330
18749
15696
11140
11044
13606
15281
17943
14788
19076
17224
12494
18101
10429
19977
18746
13028
19382
18088
10529
14822
13002
14098
18403
13964
15035
18816
15754
15835
18245
17696
10133
15762
16748
19913
18699
14944
15398
15848
12488
15796
19267
18182
12844
13623
10005
11560
14679
15223
17450
15891
15576
14010
14214
18715
16682
15556
18222
12829
11267
17056
13122
16359
19454
19183
19373
13783
13095
19003
19398
18134
13119
18222
18679
16479
12685
11855
10896
13123
13482
18646
19321
17535
19195
16000
18505
16904
19700
19065
10083
16446
11931
15644
13932
14109
18495
16115
11305
10157
13107
10242
19688
16272
12729
10834
10052
13259
19832
17563
15955
11248
14715
12958
10507
11330
16945
16561
11603
13006
17101
12548
18033
17501
14796
10741
19054
13074
16686
10864
17897
14729
18563
15141
15230
17431
19022
14887
12133
18876
18212
12624
13326
15131
14140
12420
10517
10079
10717
17648
12602
17452
16272
17180
14121
12501
18616
18142
15950
18855
12902
15773
12442
14946
11517
18704
17455
13547
11007
11005
17573
17434
19668
10736
14659
13931
10838
18402
11381
11233
11159
17715
12788
19741
10095
15383
14197
12411
16902
16240
10635
19132
13837
14987
15960
11429
19947
16043
10344
15550
17997
18571
13322
13832
18270
14603
15820
16625
16833
14387
18669
19563
12612
14544
16990
13914
17183
11466
19545
10948
13481
14476
19634
14765
14868
10709
19460
11891
13917
16442
13026
10091
11093
17606
13541
13301
17119
15639
10108
14357
19200
13490
15024
12321
10541
10566
17406
16543
14628
14762
11045
15369
10555
14286
14442
13400
13430
11966
18723
17546
14273
19934
14859
18779
17188
13156
14993
13448
17653
16162
13962
15301
14696
18461
16187
16916
11468
10682
19948
17198
13245
15255
15821
19764
19253
12547
18500
15573
14880
15860
11577
12031
13819
16366
13018
19894
15456
12180
14945
18796
11455
14095
15181
12004
16873
14196
19516
11068
15398
12584
13078
11435
15316
11719
16387
10845
12687
17525
16640
13309
10868
11334
17671
12821
10998
16982
12586
12630
16347
12930
11573
17820
14560
10160
13630
11247
15699
12751
15018
15482
10757
19582
19149
16267
14832
12357
12301
16244
11515
17323
17064
11230
10210
15431
10750
15141
16077
18487
19142
13819
13082
16839
16858
12498
14261
17576
14457
16395
19677
10846
18872
19012
11822
15919
18235
18147
10242
17927
14317
15292
11993
10824
15795
10158
12251
12052
13433
18389
19824
19622
13842
17156
15645
12900
11986
10346
18415
14256
13806
12250
10461
19878
19452
16324
18652
14602
14476
13446
19693
17383
11030
12321
16532
11147
13650
13217
12736
13217
14483
15043
14694
10235
11019
14930
17282
14562
15252
18957
17250
17507
17027
12408
19982
18429
15858
18068
19516
17717
14914
11430
18772
16009
18035
12449
16753
11585
15693
14436
12182
12825
18590
12086
18509
12859
18260
12253
13487
19103
12458
13046
17673
11223
19392
19111
10057
17278
18937
13536
15832
19254
10830
19740
10758
16052
19567
19875
19049
14058
13204
19855
16744
12911
18639
14919
10638
16774
18999
13790
13506
19521
19813
13991
10073
15585
19306
15595
14523
16908
14807
15838
19594
10430
11583
12369
19361
19857
12656
18663
12635
10057
18143
11126
11585
12410
10489
13771
10682
14587
17603
12983
14323
18918
19333
11871
17636
19257
14021
10954
13838
17521
10888
19559
13303
17513
10946
10142
13964
15503
13783
16042
10112
14096
10107
11619
16747
18414
10252
12626
19653
11303
16962
13785
17159
17384
16746
10009
18138
14085
17848
17487
12216
11538
14424
10929
12401
12137
15948
13694
17371
14937
18021
18193
10517
19651
15798
15023
15516
19932
14059
10629
13654
15897
18575
14882
16462
11381
11886
12014
18266
12294
12869
10547
17237
18623
13506
10490
10203
14132
18205
18950
16051
14610
10690
18535
14883
17616
10985
16452
15295
14150
10344
16008
10068
15383
15138
16428
11406
15632
11598
11319
10412
16182
12155
10907
11967
13175
10602
18260
15326
16844
17765
15096
12880
18610
11509
18526
14293
17245
14964
16045
10971
15194
14617
12487
16232
11391
15635
19270
19882
17499
15136
13226
11994
10319
15470
19605
19583
14356
18581
11398
11622
14954
19442
15072
12387
14295
11244
10946
10443
19603
17524
15073
10788
15383
16735
18205
10618
19239
12919
16677
14991
13873
12063
19443
17246
16251
17493
15293
10484
18587
19237
14376
10609
14806
11654
18535
18498
10434
10856
15693
18690
13507
18410
14543
14709
18994
10684
17128
16526
19499
13809
18569
14044
10556
12655
15126
11538
19683
18525
14104
11917
14564
14314
11635
16406
17223
17765
17348
14776
17837
13158
18069
13614
13982
19282
16296
15291
18520
16851
12969
18250
12076
11670
18244
10048
14148
10796
18425
18176
10189
17702
11994
10092
10767
19035
12762
13159
12834
19915
13554
17174
12488
16958
19576
17075
13201
18184
16618
11052
13429
16799
15602
19771
12780
11505
11610
15707
16432
19384
12515
17710
13407
18714
19602
14803
15471
18123
10148
14977
19896
15364
19857
19270
11186
13716
11203
18766
13934
16500
12336
12342
11429
10543
19978
15934
12394
17541
18911
19912
11252
18226
10148
19742
15729
18010
19597
16545
19251
14330
19157
18362
14612
15331
12595
10015
19676
16690
19222
19273
15499
18425
19430
19708
12220
16328
17539
16131
18250
13318
18953
16736
13910
14443
10687
17231
11505
15515
16539
16136
19998
19460
10790
17140
13960
16326
17229
13980
13279
12587
13471
15629
12203
12918
14127
14767
13756
12898
10139
10481
18297
14279
15838
16930
13039
15369
19648
13300
12740
17843
19229
16835
10422
17894
16858
19896
11007
13991
16307
14095
10039
15717
18156
19375
14297
18175
16512
13574
11010
14278
16459
18516
17679
12853
18190
11916
14995
13948
10742
10543
11288
14008
15560
18961
18071
12619
17637
19901
12739
19442
19959
16896
16347
14636
15131
17111
11414
18584
16629
12492
17228
17048
10917
10354
17804
16045
10880
10279
10738
16640
10418
12834
13554
13641
19878
17011
17830
13749
12043
17545
10379
18097
18860
10267
15079
11304
19697
13556
18525
14191
13082
16559
17690
10112
15090
10392
17917
15527
19263
16767
15220
13817
14901
19626
17684
17696
12823
19282
16939
19553
10296
15271
12211
11025
19720
13689
16231
12734
18887
17104
14381
12665
14145
10358
15971
16986
11630
13478
19169
10220
15897
13776
19267
12666
19732
12765
13269
11668
13698
19986
12497
19979
19082
15007
18901
18776
13256
10976
10054
15136
12262
17882
12461
13758
11357
11387
12700
10558
10675
13598
11195
11389
19779
15353
13964
12588
11812
15798
13541
11307
15310
13873
11480
12682
19221
18091
11318
17722
14675
15530
12691
10574
15201
18302
14422
16267
15633
15928
16821
10377
18773
15054
11183
10224
18067
13686
17541
13098
13945
15772
10066
10827
11329
13350
13240
11545
15838
17711
10861
18894
16647
18075
14307
16118
14689
16124
16043
17502
15862
17416
19351
12422
10288
16151
15448
17932
10314
18097
14758
14227
11871
17544
19949
13620
16142
18097
14521
17711
11021
13831
12277
19323
14789
16904
19727
15485
17611
10008
15673
15240
10014
17305
19639
11375
11326
15371
13498
18323
15197
16540
18790
19422
13817
10592
15520
15469
17204
17187
16971
13098
18995
10627
18986
15870
15640
10628
11567
13199
11540
17573
15179
12200
18746
18445
14130
15402
16145
10064
14618
12899
19738
19592
15606
10944
12529
18316
16546
10263
19892
13708
17144
16436
13780
16414
10897
11575
17142
13415
15877
11238
18034
15952
13395
12994
11493
10941
17620
13425
16070
17621
16930
18443
11039
16947
10865
17775
19820
19846
14912
18208
14860
11881
19018
11784
19362
16080
14743
14486
11615
12735
10267
18182
18420
14850
12065
13597
15092
10531
17019
14899
10914
19160
18974
17104
10511
16413
19291
16007
13605
14350
11834
16538
17894
16677
19000
19562
12359
16019
16889
19000
11241
19607
14547
10864
12088
12099
14294
13309
14863
19452
17608
12085
12892
15707
13774
18986
10599
15403
16559
11753
17449
17841
17544
12732
12258
15936
13436
10068
17186
11559
18663
19700
16037
11337
13857
18529
17285
11719
15492
19216
18232
19803
11801
14831
13035
16878
15418
17237
14013
14932
13686
16546
12599
12480
13492
10224
13558
14990
18624
19514
13720
16900
14174
17696
14334
16771
14308
19468
14400
14466
16826
13152
10821
19426
10406
17839
10107
12060
18121
15637
15454
16109
13909
15231
12536
18389
17046
16618
17089
13780
13319
18539
17467
17537
10641
19459
15763
14029
11111
10182
11759
10899
11162
11167
15059
10265
16381
10445
12023
14092
17805
18684
15845
19131
12075
16376
10006
17949
18685
14397
17687
16473
13746
13245
12228
15197
11207
18161
16721
10758
19218
17031
13916
16930
11515
15485
11281
19244
11093
18899
19764
15449
16165
14181
19058
14777
16520
15165
16567
12614
11696
14141
12087
13584
11110
18720
15268
15272
10263
17511
18361
16873
16447
10376
12443
11879
11998
18968
11336
11622
13086
11128
13790
16920
17248
18331
11142
18407
13458
18803
14627
12217
14377
10236
13777
16595
11603
15058
14973
16747
11276
18098
17065
19797
19130
11237
19221
19041
11264
12079
14686
16882
19331
14028
12960
18793
16519
13315
12057
16447
13867
14413
11987
16772
14727
19091
10346
15073
18918
15890
11027
14632
17106
16220
17421
12211
10233
10443
12229
18728
18460
12347
17013
17081
18991
13223
15948
14535
12436
17386
19895
15394
12867
19439
18882
10784
17648
19842
13344
16288
19253
19408
17074
14897
12827
15232
17708
12297
10006
10276
13841
13838
11666
16327
11320
17732
19680
15352
15155
16975
10523
17456
17609
13300
11613
14543
17518
10055
14640
17578
10630
17335
18826
11889
15877
11899
11054
19375
17866
16479
19105
18632
11611
17906
18853
14064
11537
11167
16222
12837
13129
16983
19943
14182
12248
13772
11676
19013
14119
10992
16002
19044
11227
19753
13883
13722
16996
18318
19765
10119
19982
14671
14233
15660
11567
15661
11317
16057
18623
12410
11912
11164
11479
14655
12564
19559
16682
12465
11924
18651
13466
12410
15521
10854
12681
16640
13207
17932
16945
17584
12616
15002
11263
18017
16274
12919
14001
16082
19642
12719
19168
17542
12274
18656
12294
12991
14541
16998
13827
16077
17915
16184
15936
19844
17681
10214
10904
12277
13130
11207
11863
18815
11774
18963
19521
19140
10926
15030
11759
17959
12131
16343
16498
14571
11321
18746
12053
14081
10380
13925
13380
13839
13774
14162
17043
12348
17348
18121
12538
14246
15037
17424
12677
14240
13231
18182
11142
14881
11842
13820
11036
17942
15766
15563
14281
16805
10319
14758
18047
17781
19517
16864
11041
11516
16583
10356
19482
11811
11976
15084
19803
18047
15384
13668
12770
19141
14629
16421
11574
11549
16253
14978
14662
11105
19648
12317
12629
18718
19039
17176
17291
12900
15381
19021
10247
17894
13262
15659
17668
14758
16303
19339
17849
14216
18202
18768
18145
14274
15584
13857
18300
12659
13115
17203
17897
14000
10947
11313
16696
14318
19523
13424
17945
10881
16978
10377
16399
13780
19960
14486
14777
16654
19545
17553
14614
17953
10107
14312
10093
10810
10505
18424
16318
19182
13736
13853
16718
10213
13350
11986
17792
18019
12342
10140
13222
11977
12952
10279
13586
13491
13928
17679
12287
18719
15093
18046
13177
11228
17816
18181
10358
17761
13920
19647
16119
12281
14914
17100
18615
18419
18007
12966
16975
18007
15355
17952
17813
13940
18169
12519
13820
18855
17918
17900
12021
17225
12716
16498
16607
17413
18146
10568
18804
11911
18295
14983
14167
18567
14570
14574
15878
12942
16975
19038
11164
12114
14969
18751
16797
13198
12775
12926
18764
15695
17057
17538
10685
15311
13252
14166
15321
18390
10531
12507
13579
10252
14354
18660
15877
17832
19886
18520
11389
16812
19174
10606
11739
16182
19901
15469
17057
18540
13783
19457
13952
12833
18238
19104
16911
17285
15810
18595
16937
14177
12036
16897
13783
14915
13912
13007
11092
13297
17935
17443
16915
17317
18824
15659
15643
14935
17433
14353
11201
17292
19135
14780
15529
13581
11999
18136
10796
15432
17462
16826
18624
15047
14854
12028
14633
10594
15183
12305
12062
14361
18820
10262
13896
14063
16400
14225
18987
15346
12176
19742
13974
14004
14276
11366
19474
19732
16916
18596
15946
19320
15444
11119
11959
16143
16326
17605
15130
14491
10614
19112
13925
11837
11306
12960
16737
19533
12076
15344
13151
12510
17329
11339
11172
11633
11233
19074
13326
18055
16478
10772
14015
17606
11855
17161
10282
14602
11449
13274
18224
18735
17202
13107
17682
15703
10957
17731
18602
12136
11673
16525
13396
18010
18438
13992
11065
15218
10177
15239
10417
19296
18480
11679
11746
12345
10851
14772
18546
19169
17883
19652
13478
15320
19312
12430
15677
15339
10768
14632
19699
11774
15105
15710
19957
10784
19655
19964
18306
18066
13504
17262
16601
19661
16904
17959
10513
15796
18342
11131
15668
12320
13461
11841
12241
13538
14010
17516
19578
12280
14304
15739
18077
17890
17327
15739
11649
10501
12498
13708
10349
10433
12401
17695
19476
14819
16303
11277
18363
19726
14189
16481
19392
14881
16205
15469
15307
19907
18877
17433
10848
15453
11328
11787
12913
10026
11783
11308
11977
13425
17116
19150
16371
10706
15924
11833
10119
16394
18688
16231
14551
17220
16906
12339
13630
13147
16824
15200
13081
10600
12332
18721
13737
18923
15945
11331
10307
10885
16356
18440
17733
10782
16037
19456
18677
19085
12563
17799
17315
10953
12911
10741
16590
16985
10852
12217
18330
18497
13735
15770
18251
16388
16460
16731
10743
12138
17227
12387
11567
11883
11805
16436
10100
19637
10439
19310
16624
13760
14322
19129
14278
11512
16552
18961
19786
10158
15931
14831
11814
19519
10569
15509
10948
10056
12324
19461
10606
12676
12354
16590
14006
11205
12725
12352
18260
16255
18909
19692
13037
19602
13286
19867
17889
11519
10301
16667
19279
19616
19787
19812
15646
16625
16177
12363
16418
16351
17799
13895
18779
11482
12250
15839
14230
14365
10987
17951
15491
11976
18693
15151
13119
19335
10697
12147
10416
11355
14844
19169
14588
11772
12503
15919
11973
19174
17145
12426
15179
14398
17887
14841
10403
10618
19710
11451
13929
17260
11687
19169
17776
11581
19466
13579
15876
17222
18522
16285
13750
17323
10249
11703
16650
10896
13801
11759
13389
15086
12801
10960
15697
12643
17538
16267
15799
13505
10043
15810
18170
11729
11592
18081
14904
14162
19587
18491
18023
15249
13528
13361
16128
13146
17849
12338
17357
15910
12731
18990
15279
12967
12725
15925
19545
16280
16979
15142
18430
17667
14204
16515
16183
13606
10090
17358
14076
16491
14860
13794
10406
11802
13854
10315
11364
13962
14627
17369
11603
19701
19880
18039
10681
16724
16760
13998
19073
17184
19532
17770
15391
19977
14425
13035
14661
13282
12634
17238
16003
18888
19796
11069
16922
12851
18086
17530
10576
12814
10100
19225
11824
10923
12054
16315
17636
12684
17522
19104
17571
16340
11932
18633
10381
14396
12356
15857
13542
18755
16692
14980
13514
13594
11364
19344
15922
15631
16820
18917
16419
19648
15708
16862
15035
18312
19494
18922
19037
19216
15405
13439
11937
18778
17163
11722
19191
12227
19696
18136
14304
11191
10192
16833
12661
15636
15265
17364
14141
14824
16745
14509
19805
12801
16694
18672
12374
17480
15555
11868
14991
18847
16098
10997
17846
11004
19762
14384
17666
14847
11327
19846
10757
12983
12473
12497
16319
16197
14677
18375
13106
11241
17212
15548
19140
13005
16489
17874
11145
10233
18916
17786
17667
12884
10589
13594
17405
10929
13654
13651
12201
18962
10954
14428
12331
18301
17727
12084
10287
18487
11526
17395
18055
13004
19302
12068
12048
19875
13601
10421
19354
16374
18272
14136
18651
18534
17681
19394
19335
10305
12474
15082
12708
14341
19232
17948
19871
16152
10948
15587
11901
16111
10240
10989
19350
19226
17402
12987
19603
10899
10994
15400
12754
18005
19532
13927
18799
18515
18992
13930
11621
19652
12381
14102
18102
14071
14406
10737
13921
15939
16386
14833
11128
13936
14011
19547
16396
16191
13278
18696
13050
12943
17979
17928
14384
16340
15516
18928
10591
13187
16474
13641
16692
15691
17389
19837
14270
17291
15447
11549
15527
15514
18482
17956
14173
11466
13552
12054
14058
16044
12645
16142
13043
16236
14593
14555
16613
11009
18153
15374
12985
15163
12419
11883
19076
11280
17182
11454
14562
14444
17681
14207
19515
11735
15324
16353
19584
18704
18359
13374
11573
17960
14242
16421
11368
10866
18487
11168
15675
11865
13176
12190
18769
16431
11969
17467
15573
17840
17444
16999
12758
15016
10929
16759
10288
13527
14593
14150
16854
14525
10472
14016
13969
11838
11397
14861
15173
15780
14309
13384
18717
13290
17326
11697
14416
17970
18126
15672
17919
10287
12673
14731
18555
17782
10140
13119
10121
17432
12010
10164
17523
17547
10733
12417
15979
14475
16113
13617
13694
10268
15592
19457
13334
11002
18039
12823
12436
11875
19261
11782
17950
14470
11510
16969
15538
13550
18526
17228
19944
15670
12279
12369
18786
19494
17546
19713
18460
18248
15625
16749
17488
17968
19136
15674
19617
11362
15651
16823
16232
15973
19123
17107
15270
17093
14559
16416
11665
10407
13193
19696
12637
16694
12542
14850
19592
11072
18135
17014
17306
12299
11481
17820
10159
13350
11891
14258
14684
13180
18094
15485
17451
10938
19354
17503
17418
18155
14706
15012
12245
11461
13285
16958
18823
18248
18320
17278
19249
10334
12306
15185
14865
16217
11116
19976
12586
10719
10347
13767
19732
12023
18090
11848
15839
19919
14491
14407
12530
15876
19948
15261
15410
15083
10608
12922
15154
12923
11960
16862
18528
13552
18709
17113
13856
16213
11917
18539
19654
15702
12414
11995
19571
17020
12852
13411
11592
10650
19483
18356
14512
14134
18708
14071
10099
17657
12773
13118
15108
16213
13590
12818
13267
18580
13591
12489
13785
13809
17800
16092
19477
19247
11810
11373
14665
10168
16281
17849
10215
10077
19694
15013
10697
12390
17661
19099
16540
18817
18825
11351
12273
17071
14556
13334
10473
10730
12063
15083
19858
17019
18281
10068
15133
14115
14943
16869
15678
18144
13657
11222
19871
11472
13419
13694
12021
18127
12059
17577
19219
19199
17381
18852
16148
10969
13376
15025
16928
11140
11856
12514
14399
14024
10049
12839
18891
13874
10298
16385
10510
16601
18848
18695
11232
14053
16889
18393
15678
11773
18548
17661
12364
10678
17265
15922
10420
15453
14187
14902
10287
17641
19581
18531
10770
19361
11039
14302
18936
14395
10321
13663
13841
16988
13994
17741
19842
15105
11785
11307
10295
14144
10492
12260
17927
19119
10641
16092
13769
18195
17689
14834
12690
18125
19487
17785
19782
12601
17003
16966
18600
17844
15803
13683
19170
15846
11716
13863
10958
14597
15243
18863
13596
16362
15797
15384
16053
19612
18651
12767
13151
17556
14593
18508
16857
16418
14726
13107
18608
19532
10578
13543
18091
19177
12766
10563
13356
16619
19807
18801
16916
12302
12368
10238
12564
12299
17231
10968
18069
14226
19541
18377
19590
15642
11570
10895
14697
10645
11109
15284
12207
15840
12869
17034
18720
15132
11846
17959
13663
13961
18427
11248
16976
17419
11241
18394
16111
13502
15248
14225
11954
12247
19309
16029
16471
13856
19700
10214
18410
14107
13365
15327
17239
13290
17512
13318
19633
15730
10182
11965
17295
10541
19807
10061
19677
10685
10431
13592
10242
16626
13309
15473
10324
12924
14829
13656
10329
10959
15412
12390
14090
18637
13903
19258
18473
18410
17248
16238
17034
18261
15795
16517
13441
16352
10441
19977
17694
19003
19003
19427
15726
13363
15706
16476
10907
10712
19491
10669
14144
13627
13940
18022
17830
10479
14072
15374
17712
13668
12997
15191
15917
13781
14475
11288
17816
10513
15788
19820
15187
12551
19027
11347
18252
12882
17881
19285
19521
13020
11334
17108
13125
19503
15264
11839
14322
18660
17917
14033
15202
11160
15432
15213
14296
16108
19170
12095
19700
15582
17463
13218
17659
14414
10589
17685
11103
16751
19253
17571
15553
10448
13682
15287
13008
12756
12561
14673
17965
15846
18445
19920
13555
18788
19047
19573
19928
13316
11861
13791
11479
14357
12939
11819
14305
12691
19306
13174
10322
16372
18535
10466
19941
19540
18276
13951
10841
12142
13150
17914
16466
11723
16378
16827
14160
18939
18730
14850
19547
11725
17960
15673
10690
19186
17744
10998
12868
15120
16322
14984
12374
12915
11559
18902
15647
18019
10911
14923
18282
11554
11940
10473
16944
18864
11418
14930
16100
19672
18840
18534
10590
12401
13182
19379
14556
13773
10154
18072
16996
16196
10834
11240
14314
19750
11601
14445
10640
12537
19575
12254
17382
13082
17378
18253
14533
11092
16004
10560
17569
18397
14772
19104
15428
10145
12938
19286
17032
17483
18399
13011
16085
16792
15092
12049
16454
17372
12199
10634
13372
18922
15071
13877
18884
12569
19894
16099
13486
14357
11573
18484
19787
18056
17037
18620
18089
14991
14216
15417
18344
12151
10348
11657
17645
16275
11907
13028
17527
10840
12475
16823
10758
14911
14167
15753
13006
17669
12851
12272
10779
10099
17319
16672
13416
15808
17827
17812
13491
16197
19968
18836
17028
11388
15719
11432
12144
17128
14671
11324
12353
19706
14960
14512
18653
15406
15221
18522
12739
18399
15992
15409
12215
11122
11452
13580
17480
14204
10090
13663
19173
18742
15992
19548
14476
12385
10766
19549
10368
12066
19856
14145
12008
10444
15916
16192
14829
10211
16318
16658
19637
10202
11385
13980
11024
19960
14962
17926
10771
14876
19109
19503
19514
12317
10319
16905
11972
10225
15483
13730
13271
13658
12028
19784
16489
11387
18157
16677
14462
14281
15907
10112
12099
19502
11873
18261
18971
19745
17872
10955
15778
14716
16560
17591
12472
12823
15099
12500
10237
14684
13298
15416
14329
16445
11360
11138
19876
10155
16371
16945
18098
10460
15933
18472
16175
11754
12019
14786
19956
17581
18003
11230
15093
14553
17096
14209
18809
16362
10981
15571
11466
19540
13270
15480
14393
11560
13638
11746
18001
13587
14943
10476
12141
14731
17472
17601
18846
12012
11553
13320
16121
10409
12231
11892
10330
10342
17418
17244
13814
15732
14003
10900
13874
14381
14789
12441
19045
13845
12769
14303
18617
10171
18280
12090
11828
13956
18868
18798
13816
17975
11322
16315
16451
13379
10251
10445
13546
16844
17841
16281
11539
19423
14973
19215
18732
18911
14771
13176
18448
11471
15796
11689
14058
14983
13625
19282
16708
16123
16366
10443
19809
15551
11736
10874
17877
10714
10831
11031
11147
13801
16372
15186
11526
13105
11355
10086
19910
19754
17357
16132
19703
18061
10403
10498
16412
17108
16392
16060
18620
13090
17246
12153
11353
16909
13715
13219
18882
19088
10575
19201
10314
14626
15280
17198
18030
13634
11657
17334
15919
19763
16105
17042
11700
17302
14930
17059
15179
19579
17974
19291
12170
15827
15461
11423
12077
11037
12135
15647
15601
13484
15181
19191
17912
17581
10168
12514
11755
15532
12309
16921
14451
19829
18697
17135
12474
10069
10875
15961
17444
11807
16078
17528
17716
12160
19769
12785
10498
16804
11776
15994
10431
15573
13204
13700
11908
19458
11550
18382
14079
19991
17053
17359
19423
13181
14126
13847
19056
14046
17913
11082
10537
14512
17537
12352
16837
17021
14365
19454
18314
18505
15774
19605
13126
14578
12313
16168
15291
11762
18913
11678
13781
16364
18827
12604
10510
12200
12400
14042
19824
15837
11397
19113
17207
17154
13641
12215
10319
15181
12024
17479
11192
13929
16558
13786
14406
10644
18052
15542
12481
19395
17299
14008
16272
16157
14148
17462
15196
17721
16739
19715
19366
15594
12374
15581
13278
17867
17952
18770
18634
16507
19731
12394
12063
14909
19308
14776
12060
10708
15096
13561
18254
11827
16374
19284
15323
19530
19998
15483
13308
10839
18267
16212
15823
14131
10094
13379
17823
15888
16630
15712
14907
13696
16810
18370
16913
10382
17895
17206
19549
16867
11019
14527
19145
16795
11998
13819
17294
14281
13208
19369
14059
17222
13214
12939
10750
12547
17016
13785
15828
16491
11256
10117
10411
12525
15569
19862
13069
11943
13332
16061
17105
17248
12546
17579
17377
16469
10303
18914
17859
17349
12347
13867
15591
13907
12613
16577
11463
14339
16319
19996
13354
18416
14152
16281
12534
14592
14431
15762
19996
11905
14720
11144
15345
19377
14315
11471
17272
16142
14257
15940
11239
18804
12097
11175
17013
18619
14495
16793
15901
10028
11917
13142
15210
13802
16204
12052
15262
12562
13565
16047
12583
13851
12696
14042
11364
16047
10140
11849
14164
15408
12744
13934
11932
18342
10150
18841
12943
11566
18588
14455
19969
14274
10962
10824
15113
10621
17186
17676
12156
17911
13025
10932
16939
15696
15379
17583
17346
13689
16765
11022
15820
11846
12132
19683
18932
14277
16582
10157
10552
19756
13513
12343
17400
15495
18859
18132
18356
17606
18577
17126
11831
11167
13385
12521
18679
15238
16816
17802
11660
13242
10128
10239
16352
17203
10345
10309
12468
15042
15744
17074
19101
13795
16484
18366
12106
17990
16768
11168
16975
11681
18892
11949
15936
14660
18871
18952
13718
18219
17935
18404
12472
13516
14121
14467
12635
16068
13441
18367
13227
13173
10646
15584
11981
17200
15501
11266
13030
16553
11623
13079
17416
17903
11494
17599
19628
17762
12994
11053
11564
18881
19985
17728
13842
17070
11846
19662
13226
17063
14674
19418
14084
11812
19842
13635
11260
18201
14051
18841
11500
13595
18639
12576
10695
11877
14926
12271
14556
14631
16695
11491
11103
13021
10488
18206
14331
18574
19380
12546
19773
16520
16076
12129
14332
13696
16810
11526
14718
14050
18305
18652
11086
18765
16317
14965
15073
14705
15727
18250
14337
14456
18966
16420
18896
13548
11687
18332
18103
15681
12027
12886
10935
14663
12524
10857
16405
12653
11842
14807
15393
17829
16809
11236
19948
11062
13959
15665
11214
10405
13756
15736
12534
14202
19994
19635
19965
18542
11487
17117
18528
12397
13089
18266
18801
14289
18316
10735
15115
17596
16429
19678
13616
17752
12693
15824
15690
13467
11676
16240
19859
15850
10013
19192
13136
13855
16793
19219
11087
11804
16911
11059
14287
14949
15116
11360
17799
11950
16237
15263
19372
19017
10143
10893
11558
18978
18358
18546
12722
10045
12899
12923
11978
13194
16966
16176
13535
14161
11338
16697
16588
15925
10039
13604
17976
10154
13669
19714
16119
11639
19138
16393
16418
17980
10022
12159
10269
17911
12676
13150
12102
15581
19385
17638
11457
14807
11365
18683
10004
16878
11204
18682
16626
17828
16462
17104
17207
16289
13580
18013
19625
10965
14004
17118
18556
17620
12456
19036
19218
19012
10691
14212
13897
17686
18731
11528
10244
10709
19575
16977
15680
17512
12694
11028
17988
16835
16224
17287
18213
16457
17714
12865
18270
19836
18531
16563
12372
17128
17573
14335
18331
14102
15812
12852
12032
11424
14381
10983
16028
18496
15386
15937
11034
10566
16477
15485
17382
15220
17273
10215
11953
14461
18223
10071
15016
11644
10189
17567
10471
18256
16118
16024
12540
14172
14512
14942
11649
16430
18139
16161
12397
15774
10347
13888
16862
17287
15724
18837
17221
11266
11405
11751
12712
13172
10311
14403
17248
16945
17807
16776
15704
14301
18845
17625
18821
13686
13524
11822
18956
16526
15175
12012
11511
15094
16581
13941
19749
15900
16743
14564
13923
14821
12716
19518
19208
15393
18494
11874
10689
19641
15634
17228
17891
11607
18399
11111
15727
17390
19540
13515
13578
11840
11536
11811
19262
11377
12108
17833
10057
14362
12110
16989
18695
15355
18545
17362
18193
17237
15354
14523
15819
15657
19917
13440
13056
13556
13698
12316
15440
19619
11407
14434
13420
13433
14158
13177
12941
11854
18670
12262
12406
15604
16309
17925
10827
12517
12920
12317
10558
13986
12805
17681
16786
14132
17971
19002
15152
17060
16823
18824
18309
16100
14827
11599
12012
10407
13373
16599
11411
18488
12049
17727
18642
15269
13862
15832
13484
19194
12514
14071
19937
18469
15850
19751
12826
11092
19756
16656
10290
11558
12397
10376
19887
18265
19550
15352
18365
19533
17919
16462
17763
12913
14897
19864
13321
11966
19965
17459
11994
17061
15080
16920
13806
11926
18842
14484
12179
15636
11940
10891
13472
10511
19475
11773
10473
10050
19071
12563
19326
17362
12450
14577
14487
13864
12049
13284
11693
10005
13626
12002
14641
14644
10406
14238
17096
17381
14239
15754
18504
18616
14484
13029
17811
15394
15924
18268
17160
17210
12834
12349
14429
14854
17550
16198
11138
17107
18351
17916
10171
14648
13296
17751
15956
17876
13765
15438
18284
15505
13873
14829
19794
13820
19701
18810
16265
12189
15313
13471
18366
19119
10923
14285
13250
14489
12235
18553
14504
17871
18980
17836
19318
19850
15005
11238
12508
13148
11852
15434
18008
12992
12700
10153
19794
11652
13835
18482
15867
10381
16292
19755
10881
13076
11261
19117
15263
19889
18968
11868
11265
15780
12267
12611
19314
18499
12998
18895
11193
12873
11240
16605
10164
13423
15068
19618
11914
15315
11136
19391
14447
14456
14483
11142
19410
11120
19308
11971
12188
17938
11167
12895
13168
12286
15021
11136
17949
15171
12867
11193
10031
13540
19325
13259
15511
10639
13469
15336
15652
19493
10427
11065
19871
17886
16859
18721
18604
19329
10254
18076
12847
13400
13218
10931
14685
10600
10348
17972
11091
11364
17188
19306
11447
16266
17772
18593
17774
14607
19806
10923
15500
11529
14179
12806
11754
19631
18632
18533
17614
19626
13727
10963
10520
16039
12978
16351
13185
18123
17977
12180
15671
13246
13654
14247
18073
19861
18462
14155
12249
19792
19146
11267
12366
15113
10080
13773
15708
13128
12637
11980
17123
14092
10975
13192
12796
10236
16793
11624
11598
11374
17075
18666
15154
11900
15715
18533
11029
16376
11942
11815
16906
16022
15987
14807
17494
16458
15113
15575
10052
17793
11217
18726
18890
11768
14579
19554
13926
17111
16999
14850
13578
13430
11580
12013
17525
16068
15704
10320
10722
19169
18370
18217
15992
11862
13012
18305
18867
12983
12122
17355
15054
13002
10607
12090
17790
17963
10636
12788
19679
19141
11941
15777
11173
13850
18015
12822
15762
17391
10477
10069
10134
13451
10962
11748
16134
10481
12350
14126
10138
14498
18891
13379
14650
14600
17822
16956
16357
16060
13469
11796
14690
17278
18475
14329
14992
11112
15813
16546
10821
18159
19552
19685
10611
19354
11942
12001
14944
18021
19340
10009
12037
16880
19708
13125
10680
13883
10033
10163
11825
11823
12813
12353
12322
10568
16982
11630
16865
17542
10138
14835
17108
11551
15732
14169
10156
17476
10986
11738
12121
14463
18781
11347
16289
18259
19444
13870
19612
19101
16465
13416
15666
10203
13521
10320
17015
18277
18878
13532
15014
16744
17213
19366
10458
14383
18252
15777
14222
16948
16170
11347
13056
17005
13705
15957
12029
17699
10124
15778
11771
19444
12769
18679
15632
14648
17756
17359
19136
14496
16618
16640
11720
13534
12132
18184
18620
12347
18406
10656
18998
15984
17418
15816
14934
15921
16625
11360
14721
16378
19999
19488
13070
11543
17917
16076
10299
18903
19691
19143
12338
15276
16216
16834
13483
16374
19191
14545
14226
17762
17684
18011
17204
14940
12450
14183
15340
12936
13302
14554
17573
11270
15114
16201
19236
18462
13577
14296
16105
11323
12703
16070
13413
18235
12245
10297
13695
12297
14706
18245
10279
19809
18410
11738
16383
11871
15230
11510
13359
12094
19002
14290
15449
11329
13385
10270
12537
11190
16008
13489
16893
11677
19077
16479
14641
14684
15353
17044
17802
14345
12339
19462
18126
17282
16870
14589
19686
10586
16907
13338
13181
13127
17254
15848
11292
16168
11173
14286
11018
12638
10435
10669
15948
10455
12194
12358
18649
14242
12268
16937
10967
11498
10914
15097
17936
13833
18953
14816
19170
11208
19272
12656
10207
17324
11115
18310
15034
17240
12351
16665
10219
14132
17945
17611
10543
10674
11236
17559
15760
11960
18313
18223
18247
11105
14746
17607
11679
15711
18283
15320
11584
13225
10697
19360
19650
15899
16926
14339
15015
11522
19879
11740
17414
14406
14857
11256
18980
12186
18381
18511
13851
17937
12410
18549
17245
13817
16458
16345
18612
12009
16853
15304
16665
11052
14587
12214
17635
10862
10569
12451
11898
17698
19875
12344
18329
11098
14621
16607
10124
18482
18496
17435
10703
19435
14597
18495
13287
11017
12308
11396
13242
17409
18162
14422
17922
12085
10324
13321
14811
18391
16235
11793
15087
14834
18189
14902
16379
14744
12195
12132
15454
16001
11339
18051
18856
15507
16029
17594
17083
14754
10006
19922
15822
17423
12847
19433
15933
17260
16719
15077
12448
14690
17677
19418
11638
13568
19476
17015
14393
15270
10930
17667
13595
15938
16260
13797
12960
14110
11494
12860
14893
10173
19044
14987
15315
16140
16823
13343
14135
14103
17952
19638
11044
14373
11969
10057
17683
19787
18763
17552
18844
10987
11959
14806
17366
18547
19387
18541
19635
11727
14424
19815
11194
10446
13505
16908
14883
16470
11910
17068
17112
12299
12028
10882
11424
11321
15774
18401
12336
10805
15530
19233
16574
10091
16077
19816
13316
19949
13332
19789
19816
15485
14397
16007
13847
14207
17403
17085
19859
12886
18975
13571
11388
11734
11717
18876
18350
12060
14093
13868
14119
14057
10272
13723
14026
14645
18128
19025
13768
11439
19388
14402
13612
17772
17155
17047
11760
15479
12488
14341
18227
16672
13560
14523
18722
13063
18006
16830
16616
11624
11533
17887
19872
18265
13580
19215
18973
17085
13889
16730
11359