15528
14052
11838
12848
17559
15008
10455
19747
13398
19084
12478
10643
11660
12738
10879
19841
10931
12768
18898
12253
13855
17001
18456
16965
16963
19736
11600
16892
13770
18803
14675
10046
16184
14637
10042
15291
14552
15599
18194
18221
19867
17926
13836
10890
12541
13163
13200
12450
10974
10701
16169
16435
19647
18117
16112
14465
10922
17438
12308
15408
16902
11160
14720
13664
17679
17854
18537
10202
10187
13546
16380
15164
17466
11736
19369
11461
11580
11817
14335
14644
14761
12995
13393
15472
12317
18372
13803
18165
17841
11739
10614
19065
15850
17881
11901
17610
19588
15668
16619
13899
11962
12096
18022
14926
15792
14560
11436
14569
15433
18097
13757
10824
15660
14158
13434
17438
15207
17502
13989
16095
11781
18230
11109
19610
12574
16703
13219
16220
19255
10090
18123
19964
19313
10637
13759
12429
16213
17399
19421
16653
19277
15157
14883
14875
10479
16483
18813
17994
19417
15527
14538
16084
19567
15011
10836
16145
18697
11085
17707
15349
13751
14286
12284
15511
15886
18615
18047
17237
14459
14952
11213
10261
19713
19459
11880
19859
12673
12401
13825
17895
17338
17923
16159
11076
14606
10680
12037
18261
19649
10997
14491
13315
14344
16170
17117
19944
14323
11948
17835
10130
15710
14834
17215
18436
10166
12802
18972
10209
18061
19341
19166
13005
18676
13281
12339
16957
13246
14808
17393
11671
11323
16210
13344
14346
13456
14515
15274
16211
13526
11948
13751
12177
12183
19314
16824
11598
18788
16876
12244
16434
13033
17072
19043
16803
18976
13483
11767
12870
13598
10913
17770
16352
19227
12086
17745
14525
14128
17558
12422
14572
18440
16729
13783
16306
13221
19533
17438
16933
18851
10291
13956
12308
15272
17568
10797
15391
10649
16359
13273
14045
16882
11944
12466
17168
10126
17873
10430
10244
11982
14095
18111
18853
12322
15128
19457
11376
17880
12239
15941
10272
11653
18128
19341
14573
16958
17355
17027
15009
16497
10854
13252
17117
11261
18259
11952
17015
16203
17490
11457
19147
19689
17094
19138
15208
11524
13120
14522
18754
10015
19018
12699
10483
11921
13970
15914
15134
10485
12366
10199
12040
15736
14702
15604
17949
18182
18097
13117
12452
11699
12824
18757
13571
13920
19793
15420
13379
12761
12733
16133
11380
15874
18014
18061
16351
15704
14452
15285
15757
16677
15295
19775
15525
12525
14582
14156
11953
11211
10567
17012
11836
12072
19519
11188
16508
14823
14304
18365
10454
12892
13467
18529
15347
14177
18165
11340
15962
10776
16300
17458
15264
15493
15449
11822
12165
16991
18790
17606
16920
17376
11119
19092
15955
15643
15263
14100
10039
17978
12718
11737
17129
11190
16205
19217
13966
18714
15929
12321
18590
19543
15866
17638
19234
19247
11103
11143
13838
18750
12402
16939
18327
10994
19526
11964
11164
17745
10586
17387
16289
18860
10709
15028
16464
14124
19633
17651
14344
13422
14511
15246
19082
14432
11176
15543
12198
18317
14355
15888
17607
12939
14944
15375
17175
10023
10357
10631
15025
17379
12146
16040
10868
19803
13635
19325
15150
12628
19155
16418
16453
19984
15594
15312
14742
15800
16470
17207
12336
19360
18475
14674
18225
18736
10551
10788
10302
14891
15965
10233
14429
16358
18523
13210
18827
19464
15144
15680
17261
11880
18310
14915
14704
17907
13566
17663
14715
12332
19239
19288
18676
16023
17763
16206
13152
10387
10643
10645
13209
19834
11956
16293
16246
10962
18505
15764
13094
14784
18275
15981
10517
13578
12683
15536
12016
17116
12249
18887
11874
13941
19769
15870
10788
12158
19899
11394
10062
10734
19081
19434
15380
16737
15175
17460
10448
16088
11885
12334
15431
15454
19063
16319
15046
10712
16332
12346
16394
13042
14127
11005
17202
17168
13181
17778
10986
17534
10800
17979
16849
17237
19839
18596
18106
11470
14178
10754
15750
11895
12750
13886
19879
10873
12643
12857
14639
14843
10689
12271
19997
14205
12076
17975
16678
13081
13975
14378
19022
16047
11971
17640
14141
10498
17168
18960
14805
12729
12217
19313
17742
12963
15272
16765
18698
19617
11855
10200
10512
15876
15990
18775
10709
12306
13592
14672
10662
17682
13067
17887
19283
16440
10360
15623
10310
15295
18264
15668
13849
13368
12713
12630
19526
19937
11996
18258
10826
11393
18343
12264
17571
14334
15181
18039
16217
14816
17516
18396
15781
14796
17331
10176
10488
15507
10708
12857
18980
14096
18430
15616
13881
14242
17237
19306
14847
13677
14635
14649
12818
11514
16160
15647
13158
16141
10339
17650
10577
10058
13267
12857
19311
11484
11641
12082
17892
13814
10409
10573
19036
13090
18747
17376
11640
10543
15988
12285
13734
11916
17361
11777
12296
17851
17877
15491
18330
19886
11590
17778
13292
14802
12572
14673
16062
15936
13413
15210
17971
13905
16858
17424
17134
10716
16235
13633
12282
10639
10773
16606
10627
18403
12591
18093
13895
10299
13176
13863
11598
16608
18519
14856
10877
14348
13687
12362
17766
17870
19643
16240
15630
11020
17305
19102
12715
18682
16524
16118
12204
17410
10485
19643
15020
14551
19287
10209
17712
12747
19967
10612
15206
12067
14086
17767
10941
15114
18133
17840
14959
11438
16450
13738
13895
16307
11211
10458
15510
15491
19016
13032
14366
12085
19079
13848
14588
13598
13736
10968
10251
17530
17975
16748
13875
11519
11053
16520
18750
19729
19921
10409
11366
10622
11116
17459
16113
12531
15103
10125
15550
12471
14552
18990
16109
10586
16051
12001
10826
17248
12850
19989
17875
12397
14861
10303
16075
16994
10886
13435
16303
14613
17278
13259
10788
17138
16631
10151
10645
12292
19920
17632
15679
12299
15581
17440
19485
12358
19422
14947
17185
14827
19955
16729
12746
19977
14812
14708
17776
17069
15179
16826
13907
10072
16885
12455
16482
10831
18726
11869
18070
18736
10873
13023
16560
10021
18822
15601
14072
11713
11208
11845
19703
14927
13076
16040
11280
19734
19652
19654
18711
19144
19567
17177
14244
12883
10593
18434
13051
12583
15421
16776
10874
18766
19800
18982
14188
16585
10429
11895
12301
11664
15407
12910
10140
19566
15737
16222
15087
12438
12441
14466
11138
14217
10144
15829
18949
11380
14661
9999
10824
19706
19065
12451
15655
18757
10012
15444
19899
14860
13665
15879
17277
10264
18471
14658
11621
10827
10245
19585
14424
17125
13583
13975
11098
14164
12380
16160
17675
13045
11481
10816
12748
13845
10874
11695
17816
12768
13654
16723
12874
18168
19060
10672
13097
19446
12285
17650
16756
10020
13487
15499
14140
10556
19427
16879
12172
11506
12531
17266
19674
14595
13805
18402
13763
11382
17974
16840
18762
13257
11554
11122
15161
11300
17078
17892
17682
16357
19654
16735
18289
19322
15214
15958
12121
19188
13367
16620
11744
11691
11563
10142
17861
14568
11476
15624
12693
16333
12942
16553
15599
14291
15578
13062
19173
14054
13287
15083
18088
17199
12266
13795
12221
15934
18839
13631
10242
13624
19456
14746
19762
17867
11561
16368
15392
18415
10656
14692
16633
15744
15847
15144
13332
17259
13484
17691
17703
17248
16022
15651
18337
13566
11187
12991
13456
18729
14721
12420
17812
15594
18495
16789
19992
18156
14652
19283
14735
16081
15555
13652
17826
17602
18791
14374
19559
19088
16274
18009
16435
11252
16551
11293
19734
11281
19829
18506
13928
17403
15964
10518
17518
17400
16649
10624
13784
15432
14412
17673
19239
12103
12656
15383
13053
11225
12948
17757
11671
12951
18050
14488
18950
17015
11742
16931
13692
11737
19431
14784
13237
14124
16702
15966
13878
13891
16546
17347
16331
19599
19793
11952
17210
18188
17449
19085
15519
10171
18110
17372
16550
11486
18364
17189
14238
19584
19231
18139
17055
15731
17038
19283
11786
17688
12890
14706
14186
16920
10877
14637
15423
12355
11527
12840
18482
18305
13656
14281
19234
17632
14722
13165
12761
12504
17076
10379
16708
14134
15081
11078
19916
19801
15981
17714
16415
10158
15602
11142
11958
12309
18508
12632
12714
14484
11055
12549
13491
16275
14960
17307
15899
14335
18428
14762
15257
17204
11702
19656
18697
14494
13957
14930
15942
15070
18853
11784
18533
16028
16811
11194
12879
19312
13071
12293
17478
15615
11931
18462
14842
15855
19234
10304
14293
18947
17108
15767
12570
10882
17275
11561
15479
14169
11787
16825
15198
18579
12988
19446
14755
13861
17689
17857
13253
12575
14081
16274
12866
16511
13747
19312
11389
13330
15269
12718
12152
10970
10422
10576
16512
16154
18689
15705
12778
19869
10927
19274
19467
17125
18442
17634
10041
10449
19395
19252
10948
16604
10531
12292
14675
13834
18541
13870
14800
12595
12002
15289
10564
16148
11850
13680
14369
18656
15560
19380
16774
17529
17830
10100
10071
13601
18468
17516
13322
17460
16364
19190
18844
12724
16999
18998
12597
17427
19721
12124
18633
12750
10248
16547
10841
14358
13234
11473
13601
15266
19578
14683
16614
10842
13211
14876
18200
15835
12495
12234
15642
10584
12103
10225
10780
18544
12247
14341
13986
10085
13476
18960
19909
18183
16924
11805
13915
10017
11814
16558
19039
14813
14358
18138
19422
12278
14712
11845
17722
17922
11611
17150
10789
11191
17477
19212
10003
19916
10331
16444
10115
19837
12693
10340
13181
11157
11777
14657
12214
14985
19778
14553
12580
11291
17796
12806
17809
16614
12069
19364
10517
14067
16536
12584
18431
10476
11501
15359
10111
15403
14202
16966
14936
14711
13375
11993
17110
16905
16622
10967
14054
13956
16293
13398
15387
19574
16921
12913
19883
16953
14780
15823
14295
14923
18102
19069
19750
16112
14635
10791
18506
13240
11806
16978
16340
10020
13554
10587
13533
11208
17055
15367
10518
12367
12056
15165
12586
13622
15249
10964
11758
13257
12265
12089
12917
16426
10233
15084
15578
11397
14569
13600
12335
10796
14694
15325
19916
18132
14707
17415
19042
10490
16696
10248
14847
16795
16327
10358
10460
17202
12639
17366
12566
13368
16540
16431
19219
11134
15424
17306
17032
16911
14518
13407
16944
16538
19117
19503
15212
10741
15676
14578
19047
14406
13908
17259
14316
17855
16474
14728
16152
17096
17642
12542
11960
16534
17376
11950
10331
12068
12715
13352
18647
14658
14013
19415
16818
14491
19639
19020
14495
13656
19081
13664
14356
10923
11031
11293
14628
15606
10011
18569
19856
18816
12355
11555
10134
19436
19969
16517
15507
19044
18177
17020
14011
14725
12190
10966
19036
11205
15234
11271
14009
14062
10234
16932
10245
13917
16107
16992
16792
17447
19145
18534
19517
14816
19781
11226
10324
14708
15103
15196
16437
17513
17882
16037
13903
14424
13583
10599
19212
15218
17892
19907
17737
10302
18562
10988
18028
13254
17112
17729
16512
18519
17809
11939
18030
15204
13672
19750
13823
11972
11822
15186
10076
19905
13387
12302
16921
19949
16414
19609
19945
19013
13721
15700
13658
14153
11512
12976
19132
17381
18679
17113
16068
14604
11209
13568
12935
10958
10895
18818
17488
11354
12589
13243
13968
19458
19715
14631
12625
10521
13381
16094
11765
13487
16553
19915
12509
15599
10981
19253
11667
18412
11333
12977
18706
17529
17866
14980
18618
19637
16273
18237
13748
19516
10956
15619
14059
16560
15823
13997
17167
15047
14958
15526
16584
14914
14045
10179
19044
10107
12218
16569
19504
19721
13217
13873
15516
13062
14147
16317
11000
13589
19947
13047
13123
18175
11728
10487
15031
17588
17592
11279
11423
11258
15175
13794
13637
14401
16284
18852
15794
18407
15252
15757
13835
16021
14318
18069
14824
11314
11320
10608
14743
10675
17225
13143
19223
15135
13632
12881
13114
16243
13301
17506
11637
17369
19917
12771
17935
19860
16890
13889
19326
18756
18797
17905
17261
15960
13197
15036
14071
19643
15085
10582
12943
17472
10939
15388
16260
17809
14479
12116
11415
17390
11603
16596
12545
16227
17709
18364
11208
10462
16619
12219
19005
11726
16677
13043
10352
17206
16222
19454
14200
18045
17619
17965
19328
14989
16298
18239
19064
19244
18833
11733
17738
13395
12007
10605
13018
11960
13015
11071
15356
13609
19469
15608
18250
17474
16739
11327
10724
14033
19287
17693
16541
17066
12114
15294
12955
16882
18236
18863
15585
16647
18175
11921
14905
12965
17856
17473
14192
19128
12020
19046
18394
14389
11277
19027
18297
15513
12266
16715
14613
17412
12051
16817
12195
18194
19825
10220
15408
10164
11274
12756
11910
12411
13571
14451
13581
12481
11802
11259
10104
14372
10928
13642
12898
17544
10833
11527
14457
16997
15898
13148
10942
17596
14659
16074
13921
16764
19600
12320
10494
18422
11868
15864
19768
17641
10839
10109
17594
19841
13792
14897
10829
10570
16749
17480
16957
11929
13474
19603
14878
19488
16044
13239
17901
19212
16975
10888
10517
17356
19933
12395
16444
17522
13264
19198
16536
18178
18210
18630
11758
10793
11537
15429
18113
13480
10589
14997
17615
17480
17193
13064
11802
14235
15801
19450
12007
18843
10305
19361
13708
11694
13495
14284
10602
13830
12851
15959
17761
13121
16497
11119
12195
17782
13500
11758
13503
10895
13448
15509
16821
14671
11239
13405
15326
15950
14367
17771
19694
15120
11634
11255
17529
19052
14182
19167
16635
14922
12015
11152
12156
15864
11765
15000
19161
11274
14366
14888
18993
14291
14503
18762
19877
16480
17223
14674
19662
15081
10960
13907
11365
11312
10346
19500
10209
19149
16653
12372
14215
12794
18492
13709
19121
17605
10488
11429
12357
13607
13027
10666
10146
12980
11903
12993
16381
12853
12719
16839
11894
12591
11232
11957
17984
10407
17460
14175
18561
17549
18370
12684
11230
19583
11223
11104
18744
13386
17226
15242
18769
15321
13057
15031
11741
10759
16059
15487
13680
17665
17374
11661
13246
17228
16187
15595
10131
12707
17349
19013
14857
13568
14139
14149
18474
15767
17707
16477
14317
10609
14779
17373
12971
13997
15692
11756
15898
15058
15437
15627
12815
18182
11501
11062
12831
15305
13593
11752
19588
15911
11978
10388
16224
10668
13158
10380
16844
10890
13851
18248
17344
10066
16864
19796
19965
15600
15306
12692
12715
18596
14844
10458
16966
17028
17193
17994
13918
12975
11904
16801
13400
17704
17631
18815
16520
19359
18546
11369
17040
16772
16330
12241
15048
19465
13273
12948
10488
18311
17395
10511
13408
13523
16226
12743
12402
16642
11917
19805
12688
11003
16670
15231
10456
10845
14132
12934
10724
12598
19393
12785
11761
13214
17435
16300
10382
19448
17546
15672
18848
18865
19049
13952
15941
18083
11953
11514
11927
16247
14627
14114
19497
12047
19456
10838
10558
10760
16582
16018
11817
13695
15299
17791
10404
16223
12429
17410
14545
12127
17128
17636
13231
11393
11934
15565
13159
15750
10614
15135
10828
11306
14360
17177
12632
10426
19260
10400
15992
15621
19585
14955
10172
16708
13414
11337
16259
18715
19401
11312
11981
12103
16045
14271
18541
18759
17773
11954
13429
16888
15305
16853
15322
15495
11342
14753
14575
14403
16425
19861
15599
18939
13971
11751
15431
19343
17979
16985
16206
13732
11616
14631
17897
19993
10063
14205
11704
16393
16317
16521
13770
12899
14422
12860
13503
15154
10594
15481
10761
10954
19056
13010
11354
14649
16036
17518
10897
18359
12366
16196
12913
10158
12374
19484
18268
18452
14357
19188
19508
18636
15832
14712
15489
12872
14951
12847
18789
16257
18032
16742
10834
13048
11939
12671
17432
14706
19260
18970
10416
17465
13624
10151
19537
10926
12359
10606
12350
10704
13676
16530
18909
17573
16070
11761
12315
12736
18261
13059
15870
13876
19072
13030
12415
19422
17955
14372
11781
19161
18538
17419
17761
17720
19514
14053
16914
13733
19495
14970
17691
11566
15010
14028
19865
14370
13755
12930
11037
16907
18391
11856
19156
14138
19732
16824
17352
16850
11992
12536
10196
18757
16914
10268
18516
10435
18053
13931
13260
14254
11297
13903
17634
10971
12754
17403
10651
13119
10555
16261
14633
12440
12845
17766
13721
18693
10238
11952
10487
14929
17370
19162
12893
10013
14802
15004
14465
12574
19553
15950
16373
11854
19729
17704
11332
19995
16377
10222
15691
17168
13563
17810
17911
15683
15882
10040
18755
11675
11130
19468
10914
13346
14747
15000
13576
12819
11719
15692
10472
14653
11166
18216
18321
17803
18550
12766
16260
19378
10583
16343
15865
17962
18279
19400
15639
11419
14305
11717
13507
19167
11856
16009
15738
11657
13543
13241
11013
10510
10514
11973
13870
11138
13922
15084
12645
15983
13178
11197
13218
10559
17987
14834
11344
16380
14080
18861
13183
14526
15755
15172
15735
11157
11884
14679
16334
11561
15854
15694
13108
12470
14093
10553
16341
13353
12269
13964
14057
16110
13033
12934
13845
19196
14267
17413
16910
16577
12207
12774
19641
14118
19500
10172
12650
16012
14303
18406
17107
11676
12862
11466
13473
19208
14649
19201
18305
14871
16118
14626
10632
19437
16398
10364
10630
11184
15842
18375
19772
12315
16241
11719
13473
10205
19726
14444
14371
17429
11927
15816
16756
14816
13761
18150
10498
19949
15392
13238
15801
19421
15378
11009
18513
16975
17768
15446
19420
11196
10032
17028
19896
15808
15077
18014
10646
12836
11328
16719
19861
13906
15897
19604
12026
17762
17166
15499
18929
12726
14778
14540
19877
11284
17003
15529
19101
10200
17706
19326
14425
13695
17728
12618
12821
19054
18411
15959
15259
13752
18204
12292
15382
10704
16786
17398
13976
13541
15030
11613
13931
16965
13232
13023
18468
18200
14532
15878
18754
14272
15196
14457
15737
16467
18549
11770
14988
17675
14710
14586
12681
10536
14042
11085
15442
14308
18202
15133
16732
16203
19063
11621
17673
18571
12384
10642
10787
16760
10124
14342
10989
13740
12496
19224
19336
16640
18521
18411
11556
17257
11695
12899
15189
13265
15612
18197
16240
19389
12891
12918
18751
18091
19643
18858
18386
17516
16794
17887
14208
10311
19110
19598
11175
10762
12491
15053
19594
19217
10233
16204
16727
12184
19322
17617
10097
13658
18559
16961
11611
18266
11341
13406
16577
19621
17238
18549
11947
17934
18178
12768
13647
19360
17022
11025
13730
15816
18550
16038
14293
18096
15510
13482
16567
16981
15252
13421
10397
16729
15692
14503
11480
12876
12888
12660
11105
11553
16318
13993
15945
10697
12140
12322
13451
14463
19141
15511
11818
10908
16872
11056
12133
19598
10570
10679
14330
10144
12838
15697
17888
14933
17776
19799
12804
19230
19313
13528
16342
19775
11772
15241
16255
18515
17403
16596
11781
11637
12539
16758
19551
15293
11349
18392
12737
18488
13702
10261
18282
10490
11601
15780
18814
14822
16822
14228
13020
14376
10952
11506
10656
12565
17825
10280
16109
13514
17528
15148
17498
10257
10615
17088
16678
13682
10912
12848
19166
16507
15420
19157
12017
15981
10205
18699
11997
16191
11879
14634
15994
15866
15298
13113
10551
10380
19450
18715
17672
17331
15154
16038
19547
13453
10142
11753
15793
16958
19391
15371
12925
13393
11138
13688
17284
15070
11942
13418
19477
13732
17326
18879
10465
13716
18101
16753
16916
18123
16291
17946
16110
13696
18718
17324
18840
11013
10800
15739
12022
15384
17859
15171
11476
10409
16331
17008
19311
10540
12704
15587
19637
11181
13659
13897
10999
14869
16977
16091
13785
19919
19072
11856
16163
13526
11687
11052
12644
14785
17226
13072
15226
14324
19496
14333
18248
16364
14203
19025
14619
15839
11465
12776
12847
17970
10787
16259
11428
10159
17505
15918
19605
16394
18518
11989
11219
12508
14288
19760
11466
16572
13548
18628
14697
12449
16937
14947
15140
16143
15853
18838
11356
13913
13260
12229
19595
18377
13820
15221
10801
13773
11838
10524
10986
14449
16769
11233
14888
11189
17733
15456
18432
18540
10430
12434
16355
12453
12124
18719
17540
11730
12941
19669
12109
18557
14661
11104
11119
13176
11361
18287
11833
15215
19802
14562
18970
19533
11294
10001
15067
17564
10948
11130
11178
16110
14613
16482
12445
14264
18668
19092
11830
15735
12852
16291
19233
18239
11758
19215
12549
13790
16297
19259
11850
13767
12496
16421
17780
10421
11313
14911
10521
12161
19808
14735
16233
13368
10951
14029
13735
10758
16688
15866
15396
17417
16365
14964
12667
12446
10636
14277
18534
18940
19089
18802
16236
15453
18406
14093
16091
16490
16707
19972
19950
15636
18853
15687
15903
10954
16961
11407
14214
15975
10179
12319
19138
11212
17818
15865
10265
10520
10354
19658
11381
13789
13563
17494
14383
12503
11997
13544
10782
17491
19436
10259
13560
18853
15528
13858
17655
16476
19854
12330
18287
15825
16860
14823
12478
17758
17773
18018
10608
12995
18425
14607
11691
11606
15205
11384
18134
15314
14826
19582
13199
15827
17454
18105
17143
15473
16908
11071
16003
17394
16083
14699
10472
11307
10522
14964
10875
17416
18182
16727
18336
15437
18789
17017
11489
17903
11946
10051
12733
16912
19138
19226
17914
11328
11128
11768
18638
17050
18923
15092
16895
16437
13382
19909
17604
14218
15891
14161
15832
16303
10054
13508
11961
14779
12299
18654
19864
17094
17458
17160
10273
19921
13973
17575
13984
18527
12154
16630
17215
10607
18091
16126
14593
19491
15307
14655
13520
15369
15974
10786
17400
14811
13625
18522
14197
18160
19696
12907
11096
11640
16940
13515
15644
16017
13773
16179
18713
16433
14968
18862
14837
18735
15744
15809
11060
16005
18277
15243
16268
15295
11918
19784
19198
18637
11012
15500
14780
14263
17086
15036
15304
13704
15414
12620
14974
17897
19477
13906
13907
10808
10665
11616
10340
12170
14758
18707
17847
11892
11113
14390
17799
17471
15360
14788
15914
12303
11393
19185
15788
17157
13921
14910
11567
19298
18515
18734
16582
13740
12131
10311
14644
18946
13420
13706
16001
14893
18780
16303
10473
14927
17084
10534
16163
14021
13281
12743
13322
15188
18665
15253
19463
12626
13476
12251
13567
14933
15777
17428
14427
14171
18992
11509
10518
16938
19395
10784
16611
11704
13958
13498
15315
12647
18442
19644
10209
13936
15362
11023
10787
10046
11610
12756
18538
17014
15829
14385
17720
16775
16433
18640
14048
11722
12125
18539
19417
19460
18158
19027
11047
18325
13169
17602
18989
12754
13467
19518
16784
13780
13833
17051
16276
14040
16566
19043
19055
18561
13338
16479
13812
12286
17696
12234
11018
12797
19517
18234
13764
12040
16605
11315
16348
13975
12747
19824
10235
16015
16008
16598
10421
10911
15831
10415
13865
12258
12586
17195
15689
11240
18620
14287
18136
14385
15559
16056
11888
12132
18668
16593
19294
15838
15370
15918
14280
16464
11712
19276
14305
11658
17523
15272
15551
19187
18251
17491
13756
13747
19113
15961
19570
11098
15029
19398
19123
18091
18080
16490
17637
19762
12705
14650
16301
14916
17739
17670
10415
19782
13498
19458
19844
15279
11617
19685
11185
17181
15100
18561
14780
10033
16135
12185
18603
15087
19638
16974
15477
19672
11174
11513
19613
10477
18980
16839
13405
16019
11073
11656
15702
14183
10183
17256
18275
19238
11091
18039
18125
18897
17352
17432
19410
16147
16863
15740
10294
12410
18710
16000
16814
18305
16908
16257
17988
15797
10173
11868
13810
10846
10721
19395
10533
18776
19215
14438
15688
15559
17474
19404
18648
16979
15298
13552
11268
14152
12884
16957
17072
18354
15686
12022
16793
10214
14287
11058
12700
18420
17904
16085
14060
10832
16432
17514
11327
16610
12642
11643
17221
11336
13068
13026
18714
18426
13403
16637
15139
19169
11841
16558
14108
10628
11656
12398
18750
15334
12547
12022
16904
19196
18822
19349
15306
14414
11275
18938
19590
12266
18844
14882
13943
16625
15492
10131
12658
12803
17658
13781
19477
17899
17588
18090
19639
18206
18341
14036
13837
16448
16948
14071
12915
16586
13220
13396
17059
16813
13059
16568
13493
11940
16751
14523
12245
14851
14717
18232
10390
12956
15434
19083
11416
19650
12859
12853
17791
12655
13570
13643
11652
10844
17059
16509
10659
18623
16137
12715
13453
12308
18238
19463
11949
16036
12586
16794
15719
15706
12613
17933
17089
18225
17836
15758
14282
19866
14438
17335
13901
11984
19260
10465
13379
14468
17558
11073
18620
17380
10955
17908
12005
19012
18338
11518
11175
14249
19081
17773
19546
10549
14986
12244
15402
10151
14553
10765
17597
16147
10820
13138
12338
16974
11894
11534
17416
18569
11514
12492
17283
15926
15512
11564
14876
16144
18867
12656
13773
13155
17213
19882
17377
10307
16118
18378
10142
10701
11217
11920
19596
16777
12379
19419
16827
10018
15499
19412
17515
18851
16187
11542
15086
17797
10697
16633
12623
13808
10731
12496
10296
16302
10427
10880
10722
15877
15813
12063
15485
12969
19254
17517
12230
11748
14037
17810
13270
16463
17124
12431
13415
17126
11307
10605
16868
18951
11558
17284
10471
15269
14156
16545
13326
16792
11373
15365
10837
11021
18934
14350
14665
14394
18234
18447
18683
16290
10421
19860
15070
18441
14820
17447
13980
15461
19880
11723
14809
12235
10904
12282
17064
11723
15094
14876
14040
12371
11124
18755
13099
17773
17445
10911
12175
12472
10731
12816
13374
16888
13542
16962
10950
11210
18118
15069
12827
12830
11464
17158
11886
14350
15412
10857
15724
19580
14149
13307
11290
13022
10912
13793
13898
14336
14953
13859
18462
12971
19673
13068
14472
19815
12949
12783
15279
11996
11007
17420
16466
14266
17975
12444
17817
15309
14223
11071
18219
10230
17986
17090
13166
11045
16355
19537
10024
15482
13747
16043
17122
10642
18195
15601
18906
12153
18402
18201
10889
11322
17414
18367
14933
12505
11961
11947
17503
10401
10053
10686
11013
12330
13250
17084
11077
13649
14179
12852
10544
15454
14341
17859
14603
12431
11992
12884
19869
15323
15036
18729
14408
16856
19180
16274
14927
12146
17412
16924
11985
14659
12795
10536
14036
16570
12982
18443
16319
18041
11460
12411
11194
13366
17514
16559
12398
13193
14179
18082
16834
11105
11026
14453
14067
19740
16540
19243
15439
16294
13032
16070
11884
19815
15617
10393
11932
12951
15536
11792
19144
19010
17341
15182
11259
11101
18852
18053
11743
13905
12633
12168
18064
10165
17758
12464
10035
13431
11101
12857
15894
15712
18047
18587
13350
13768
13573
17342
17831
10561
15991
16917
10340
19019
17262
15425
12960
13717
15787
11218
10817
12380
19857
13552
15615
13084
12486
11784
17237
15045
11323
10427
16782
10472
10481
19732
16513
12547
14702
16641
19596
19855
10071
18937
15300
10788
19694
16186
13338
12341
17140
14708
14433
16477
15327
10189
12853
13877
13506
10802
10672
19185
10494
15734
12792
14110
17963
18878
16422
14770
13632
15099
18595
17417
10560
16993
10587
12392
15362
13292
18640
19573
15162
16254
16242
19817
10351
14207
14461
16026
17819
17205
13243
14282
17210
18274
18449
10265
11001
10066
16501
18614
17687
16941
10952
13251
16217
15425
13022
14833
18979
11843
11201
17383
10071
14474
13425
19993
15418
19018
18946
10996
11296
10407
16073
11440
18353
11000
16245
11842
18787
15070
14491
11266
15484
12175
11314
10548
13193
17457
11238
12142
13466
15210
18835
17520
17103
13180
13897
19285
10050
18946
13653
19272
11347
16487
11331
15764
14571
10571
17282
12653
17478
18943
10900
10902
18044
17467
19103
17963
18947
11376
19769
13962
16692
16524
16708
14401
16039
18185
15996
17871
15165
11338
12274
13872
12084
15611
17554
10201
18255
10092
14395
11573
10994
18082
19950
11134
12387
19505
17279
14387
18660
19217
15609
10632
10690
12674
11736
10520
13257
16608
10684
19545
17917
11191
14856
16383
11989
11974
17464
11884
14017
14360
17797
19189
14307
10780
13018
17986
17645
10870
13604
16232
14155
17938
17291
10781
13397
10799
19464
14342
16270
18682
16250
19921
19062
18266
10311
15480
14077
16225
18298
10960
11672
17604
13209
16946
19230
10285
14597
19345
13658
18407
14395
17193
15311
13109
16461
11412
12874
17285
13446
10710
10764
12058
15493
17154
12801
16705
11430
17954
18569
10397
14626
11934
11712
13737
12494
18807
12708
10358
10727
16932
12082
14088
10789
10536
13976
15093
11944
10493
14039
19255
17139
13740
10143
18618
15437
15148
19146
17156
12383
12235
18047
15349
13674
17508
13289
19094
16797
15392
17615
13323
19956
10766
19991
18390
17499
13866
10388
17720
16322
12041
17895
18566
18281
12223
17570
13773
19513
19274
18757
11390
18742
14422
15132
10684
13146
14912
14687
17677
12170
10639
16035
10632
16777
16120
15976
16158
14076
16403
12089
19478
15002
13713
13256
18302
15778
17527
10502
18276
12264
14574
10310
19418
19977
16803
12640
17193
11546
14751
16308
18901
17720
10946
15061
15917
17584
12988
18759
14974
18668
18761
15340
17188
17790
16893
10979
11770
19089
13995
17740
12526
16544
16484
10346
19112
14477
18882
16257
11774
11002
12335
16145
17838
16230
16827
15085
10544
19111
18048
18287
16031
14280
15218
19038
12191
12966
19279
10690
13993
10110
11846
18963
13377
13208
14041
15621
18325
17055
10908
19696
14877
12587
11522
17765
17959
17304
17058
10585
11680
19385
19125
19339
17495
17534
18497
11130
19025
13851
19972
10014
15701
17562
12579
16771
13441
13316
15598
17963
19508
18957
19898
12368
10426
14139
11054
10783
16378
12998
15330
13420
12837
11171
12151
17629
10382
19928
17038
17535
16608
17884
17063
16303
19831
13869
16868
11228
12896
12826
17034
11624
16830
10371
18157
19551
18255
10588
13395
13845
11602
15955
19402
18618
16936
17924
10632
18413
16921
11595
14774
13553
11922
18190
17723
10862
10515
14549
14963
16902
13796
19794
12469
13135
15799
15444
14314
15047
19038
16777
16066
10100
13768
10038
12744
12669
11862
12223
17609
17585
11426
17568
13407
17784
16193
17656
10787
15685
14582
10095
19596
12403
16873
14069
17481
13659
15377
19781
16840
16358
11721
12777
15490
15188
17388
13468
18695
14317
18522
16736
10119
15289
13664
16530
17183
18544
13569
15502
11846
12673
15544
10365
11372
12429
10845
19494
14810
13843
12604
10461
10072
12345
13454
11724
13324
17709
16598
14456
17108
17849
11398
17655
16162
12015
14726
12085
10165
12782
12309
16351
10834
15371
10092
11458
16683
12304
14224
18597
12578
11174
19714
18550
12748
13397
12022
10125
15297
12208
12899
19340
13504
18885
11608
10644
14159
17209
15393
16509
16017
17495
18459
11806
12111
13193
17098
15108
18092
15019
19623
19795
15000
19831
13752
14100
19020
14097
10778
10694
12550
14650
15399
13217
10721
12671
12460
19297
14920
10370
17008
17014
10264
13641
12035
14518
17060
18152
19096
10561
17245
10773
10557
17086
15595
13037
18702
13672
11987
18387
16074
17664
15476
10400
13562
13082
13063
14872
17508
16068
16104
14662
14844
14506
15086
12563
15707
14759
19164
14084
16286
18968
10269
19017
10760
12251
12900
17918
10093
10334
19722
17234
17190
14613
10052
14703
12447
13460
12953
14858
11111
15734
19181
13008
13974
14847
16578
14896
15976
19498
11604
18384
13026
10259
15672
12989
15982
19547
18686
12847
12133
16181
13789
18797
18770
14791
16683
15659
10458
14538
10082
11499
11489
11334
18897
16700
17638
12612
14531
11987
16860
13966
17343
16229
16825
12541
14739
16763
18300
12904
18665
17310
17314
17334
10276
11092
15750
13934
11532
19703
19583
12806
13058
11453
16279
12617
15236
16500
18114
17351
14712
19815
16073
15737
11708
17307
19835
13970
14439
14782
12923
15631
15707
14248
18540
11460
13321
17161
10794
15593
10368
19584
18138
14187
13559
19962
10589
16994
17883
16244
10086
12347
13632
15397
13709
11292
17491
15049
12850
17143
12823
13904
17503
12598
15554
14917
13743
17775
11128
12731
14221
18951
14898
14844
16016
19674
12983
14135
17563
12976
13186
18946
16517
15878
15824
15717
13420
15100
12523
18353
11797
15982
16923
17943
13933
14949
15027
16240
13006
19557
14503
16389
16439
19148
11602
14797
12428
13462
11597
18748
11425
16133
13622
15401
17010
14974
13621
19129
16103
11178
19771
15814
16731
15118
13151
14705
12665
17289
12747
10660
18176
19154
17875
12241
12874
10105
13079
14004
16148
13589
10187
14528
13050
17530
19756
15290
18686
11678
19430
19282
16075
17180
19921
12456
13328
11775
10207
15538
19505
17382
12340
18495
14985
15494
12818
15083
11407
19846
11877
10254
18252
15064
14212
18948
18009
14684
14704
10778
19546
11808
10501
11532
19761
10951
16470
18957
16883
10156
14471
17364
14928
18355
18155
12787
17674
14098
14085
18060
12302
18311
16837
15046
17373
15503
10449
19517
17130
15003
11101
12628
14347
16213
16215
11861
16870
19615
13311
13374
18798
18328
17905
17223
15882
13389
13475
16664
16105
19585
18125
12841
10637
17693
11926
16560
17435
13267
16148
19569
19555
11739
10558
18792
12965
14534
17850
18290
14082
11134
14823
15382
15580
17603
18459
19319
10094
12917
11230
13184
15386
10683
14110
12280
11236
15251
17580
15139
17902
18096
10679
16557
18298
12434
15628
15523
11267
11466
10855
14795
11226
18395
18454
12991
10335
14429
12962
14551
12876
14325
17213
17696
17987
17743
17468
15582
16104
18634
14534
11271
16520
14240
19687
12843
18299
19866
14266
10978
14480
15515
19637
17727
19964
15766
19815
11783
16764
14770
12534
12566
16435
14145
15785
12687
18358
12741
15896
15968
14353
13702
10170
16064
14564
16099
11735
18990
16980
15493
16798
11317
13060
10257
14821
14721
14967
18182
10264
16636
15651
10993
10475
16290
11674
12753
18096
15144
10053
11795
17896
10844
14639
14854
17349
14223
14581
16352
17465
19549
17306
15410
15376
19312
11062
18103
13037
16121
17608
12706
16999
15953
13863
11252
12673
18974
12506
11570
12795
16397
15346
10171
13793
14469
10089
17842
15746
19532
10630
16599
11234
11353
13335
18788
15947
15444
17007
16553
19192
18887
12129
12613
15636
18393
15842
11373
10502
13731
12653
12753
19243
14481
17346
19795
19268
13112
15740
15100
15695
12828
11033
10487
15281
14311
18284
18822
12713
11513
17251
16959
11241
13017
14336
13951
15308
12094
17599
19238
16220
15585
14961
11400
13222
18988
14625
19259
11373
12727
18458
13563
14522
12489
13616
19356
16364
14693
15074
16182
15094
16740
11858
15783
17471
10463
12773
14622
16247
16412
13208
11669
10874
16004
13195
10238
15156
18415
18331
16334
17069
19117
19384
14990
15385
17400
13449
10359
14915
10925
19398
14957
17193
16365
12966
18358
16268
16543
12405
15947
19870
16137
13802
13819
14697
19944
16360
16831
10817
10024
11808
12981
14240
10593
18854
18785
18612
12440
13099
17114
16693
11880
15267
11104
19756
12759
15656
15147
18397
13859
10800
16745
11371
18228
19064
11046
10009
15388
15494
13265
14542
12194
12718
12856
15225
13154
13838
17322
15535
16458
15366
12821
16931
17665
13078
13394
14635
19021
11322
10504
11777
18716
16814
19901
14811
11043
11222
13309
16620
15393
12985
18358
14942
19272
17656
11325
12840
18139
17870
13764
14835
12750
18532
15913
16989
12916
10161
16862
11756
15084
13542
13933
18755
10030
11763
11438
10697
16065
11548
12042
19726
12625
14373
12347
13117
18928
19270
17969
18908
12398
13476
12391
11373
12042
14102
18179
13499
12589
13840
18748
18575
16319
16442
13846
15883
10756
13118
12093
16080
12128
19346
19550
10311
16401
12655
14091
13372
12008
15883
11596
15278
10965
17112
11414
17534
17964
17052
15403
10025
10251
16990
16953
12043
14639
15571
13825
16191
11794
10675
11385
17134
12153
13444
10881
18053
12232
15095
10766
16424
14891
13612
17755
17357
12212
16588
18303
17056
15028
18568
10501
11204
18867
16089
10979
13073
12098
11264
11382
13965
18407
15245
14191
14252
12369
16199
18227
16711
13863
12530
10063
15117
14337
10983
18735
10128
15524
11006
17609
11378
19114
11294
19154
19401
14096
11784
15380
13498
17002
14520
19219
12022
19141
19829
19815
19628
14043
19981
17790
12041
17814
11176
14887
12639
14844
16054
16085
16685
11459
13190
11281
18475
10438
17078
17939
13856
10078
11937
15709
15534
12504
15362
18983
11483
17235
13303
13561
17346
17714
16170
19183
12187
10420
16934
10549
13230
18502
16031
15622
19246
14421
14615
11499
14189
19038
17209
14970
12341
17731
17189
16962
13747
17716
13709
17533
14052
14546
16602
10808
15971
19914
16655
17304
10582
17375
12196
14469
15395
17341
19391
14934
12691
17818
12843
15984
16077
12750
15166
13030
15305
15533
19014
14530
19513
11306
12748
15694
16788
17954
11396
13580
13633
12401
17819
16728
11353
15769
15157
18369
17619
18194
10497
13399
10580
11733
11450
15828
19741
17687
11864
15204
12523
12822
10274
17644
17979
17607
14803
19522
19381
18286
11276
19617
15619
13887
17040
18586
17215
18633
11613
12975
16580
10040
16724
14688
13680
13092
12461
15814
17671
11215
13395
13017
12253
15582
18280
15321
17530
15212
19698
14055
13931
11728
15435
13949
14455
14265
11683
19954
19877
11974
19278
15209
17861
13869
18066
11778
10989
18323
11281
17239
10579
17438
11270
17066
12881
14733
10344
14814
11750
18088
15633
19587
17220
13745
14846
12970
12500
11340
10597
15735
12938
14328
14577
17891
19162
15025
19269
14460
13265
18526
14125
13234
11242
15168
15170
10156
17071
16928
11839
12557
13886
19171
12550
10410
15485
15493
10949
11007
17031
10055
18103
13044
17293
18785
11967
11931
16014
18063
14440
19352
19049
17143
17953
16590
10834
18410
18183
12936
18418
17836
16755
17615
13806
16477
18004
16090
11701
12735
16831
19393
17829
14220
10491
18098
19027
17541
15736
11032
19993
14105
14171
12402
13188
10114
12895
10075
17767
19339
14551
12032
10599
17940
10752
17625
17470
11698
15528
15218
15348
17261
10903
18040
17270
10742
15019
15591
19818
18939
14309
18884
19430
10692
15157
13907
17866
18557
17193
19266
19028
13774
19918
10682
19023
10823
16724
17251
18886
11310
15509
11669
14692
10799
13090
19511
12914
16353
11400
10587
19841
17002
17058
18860
12626
14138
12316
16017
16126
13918
14622
17855
14019
19166
14065
11871
14975
13965
12846
19129
14575
10177
18549
13368
11559
11437
13504
15594
12590
16836
15799
12902
13160
13483
13606
16216
13566
14380
13405
12742
17894
15650
14428
15490
10892
15066
16166
13966
12278
12025
13141
17310
10536
17653
11340
13545
18610
12532
13632
16371
11982
18758
17329
13988
15640
12402
15635
12788
10128
12338
16143
12470
18509
11372
13760
18084
15390
16110
12520
18851
16434
12641
10529
13213
11708
16181
15034
14493
19115
14132
10015
11792
14723
13693
17041
16318
15334
17086
11194
14189
14800
19762
17827
12970
19742
19538
12597
10640
12179
17498
16805
12558
16277
14717
12387
14068
13930
12408
16106
13836
19229
16889
10431
15749
14977
14959
19422
15271
15396
19710
11501
19505
17890
11588
17455
18906
13328
14602
11184
12580
18695
12965
12815
18412
18127
19211
18604
13867
18408
10776
19727
13278
12771
18475
12573
12643
12531
16835
16387
13520
19472
13341
10256
13492
13239
10795
10341
11840
16989
14683
19960
15558
11472
15272
19711
12652
12433
12432
12138
16806
18672
19637
15634
19873
18497
12497
15235
16463
10380
16300
13775
17911
19605
16479
15443
11277
16438
15755
15237
12754
12954
11733
11993
13786
14989
19172
19757
12577
12931
11828
12076
13239
10047
19844
16500
19776
19871
19920
11993
12353
14818
17255
10339
18850
16634
10091
13636
15551
15534
10082
13950
17046
18994
14203
17911
16860
13001
16895
18570
17175
18292
14278
19186
18120
11611
15864
18796
14508
17347
12972
17383
10686
18023
17254
19248
12189
13096
17164
16811
16268
14249
14996
13462
12049
11940
12208
13331
15074
12379
16127
17865
10257
16267
16880
13973
11952
10657
19382
16170
19717
13141
11568
15587
13640
13144
16733
12071
13613
18626
14733
11646
12841
17691
14169
10551
17037
13713
15191
18795
17253
19452
10485
10692
16099
10346
10246
17243
14235
19661
15395
15309
16432
18510
12225
11612
14261
11895
10737
15279
15517
17854
18433
11333
18843
10564
11081
18909
15737
19845
12092
12195
11064
18837
12501
19192
17567
18903
14291
13150
19412
15734
10827
14312
14826
13518
19474
14974
18046
14635
13150
19237
16398
10808
19532
19884
19201
17887
18872
18756
11334
10507
14017
13714
15848
14783
19093
14826
16758
16847
16524
14761
15316
12601
15626
13556
10478
19325
19781
15876
17008
12961
13422
19694
12738
15818
14477
18930
19892
18199
12695
18968
13989
14037
19395
13249
17935
15007
19548
11133
18134
19775
12840
12107
14121
15049
16366
19069
13131
12950
17958
13892
16250
14795
15798
11786
13387
14909
16934
17041
10144
19279
14576
11692
10839
12958
11650
10346
18469
17033
16002
18966
14154
10616
10809
12742
15784
15900
12357
18394
17948
14555
16085
19151
13039
11970
11047
16521
16450
11706
12327
11520
17133
16354
10757
19463
18518
12512
19372
16635
13732
17026
16415
14237
13414
18793
15471
14799
13995
15466
14242
18964
19277
17217
14921
16013
18378
10321
10691
19779
18669
11836
14882
12721
13175
12816
11560
14826
18152
11678
18968
10754
17965
11136
10053
18167
11276
11859
17622
12547
14624
13520
15104
18967
16908
19200
17822
19255
11075
12271
13733
13803
17309
15822
17163
10843
15430
13431
13731
12455
12884
16704
19845
15788
18689
19332
15463
10021
13007
19661
14606
14449
16668
13751
14071
10715
14836
18738
17156
12750
14320
11917
15885
11194
14547
14490
12120
15248
18095
10055
15302
13771
17876
17126
12064
19196
14527
11736
10951
12361
19410
10977
13613
13715
15700
10734
12414
16520
12516
11302
13222
10654
14753
12623
11294
11408
14348
16867
17627
16261
17103
19846
12937
14060
12816
14297
16514
15246
15531
17474
17569
18783
14961
12680
17460
11361
19812
19387
12155
17050
18627
19386
15662
11079
14038
17102
16779
19745
11859
10578
13517
19479
17320
15973
11792
12097
16937
12413
17570
19943
15998
15997
14579
14164
18446
11379
12886
11768
18067
16936
17173
12210
17327
14769
17380
12281
12938
10006
18549
18846
15287
14754
11135
12577
12241
10835
17865
12260
16516
12037
18267
18464
19797
10930
17446
17409
16092
17573
11346
10732
11443
17382
16796
14508
17018
13303
10954
11340
17882
13021
11437
12688
10286
15424
15369
14617
16190
11773
12848
19151
14892
16125
17959
15088
18185
16411
18307
16690
17202
12297
12299
16030
16283
18455
11920
14921
11603
12178
17559
15343
10039
12441
10632
13076
16845
13421
19194
17850
19016
19278
11485
14715
14973
18550
12491
15627
10138
15918
18953
17195
12291
16281
18999
10466
10239
11085
13602
11267
14246
19707
18376
15060
16897
19268
15899
18640
18665
14782
10715
12025
13285
17707
11423
17860
14245
15127
16864
12360
15170
13619
16308
11366
13724
11593
16786
17438
10724
11364
14166
19074
13633
17592
18513
11134
16323
11792
18314
16325
15052
13644
12707
11198
13990
18499
15566
16575
12281
17143
10393
11461
18650
18204
10407
11651
18844
15792
13877
18984
15852
15003
10807
14945
12729
15707
13415
12757
13144
10686
19488
15387
15298
17650
14655
13037
10734
15880
16926
12549
10754
17378
14386
12935
19628
19222
14874
15742
15610
18578
14660
16349
17893
14300
11695
12437
10040
19370
17791
18852
18219
16587
13301
13891
15565
15845
17294
10624
12438
15085
15980
18294
15946
18630
12301
13045
11162
15920
19899
14320
10734
10942
15482
13036
19215
17602
14578
10418
13374
19118
17015
11757
10006
10188
10128
17699
18272
19079
19653
16771
14530
13066
10523
16755
13752
14744
12413
19250
13133
18585
17719
11302
10313
16820
12937
10362
10733
11267
17885
13947
16097
12982
11054
13406
18640
14825
13563
11966
13977
12908
18595
10815
18649
11702
18022
13441
17199
14135
12984
17628
17571
12373
10597
16584
12964
17236
14666
15518
12859
14128
14330
17632
15894
11268
10881
14009
12501
11565
19656
15140
15765
12991
10856
17940
14839
13520
10462
11035
16448
15813
19926
12814
16476
13659
11299
11283
15460
16959
12639
12123
18944
14456
17017
11510
16033
13823
17389
13234
17291
16794
18632
15444
16130
12993
17591
10964
16247
19901
11714
16517
11310
17909
16964
10432
12139
18862
16073
15483
10862
13650
18951
13281
11227
19420
18040
19411
19119
19819
12806
13890
17599
12301
19130
19884
16362
14985
11406
14667
16318
11793
17375
10781
16252
18701
18311
12023
19972
15792
10125
18480
19160
19516
14109
17140
19288
17053
19590
19825
13354
10019
14615
18109
10981
17875
14921
15730
18430
12345
15911
12578
18497
12930
17128
10758
17905
10138
13824
12478
13816
17484
15603
11522
10398
15455
17832
14944
10984
10715
17556
19275
11305
11566
11967
16024
14527
16384
14147
14523
19367
15156
17751
16296
18422
15539
19596
14032
15077
13870
16679
19971
13777
18536
12069
13061
10319
17711
12328
11594
15908
16055
17631
18186
11151
15246
14601
16956
13938
11365
11039
18558
18155
18110
11149
17290
18623
18554
19691
15959
11265
19765
13527
18387
16543
13950
19484
16488
18494
17022
18099
18705
11327
10471
13911
19251
10454
15268
14253
13091
15091
17118
10154
19885
15111
10902
14955
11205
15720
18331
18472
19287
19659
16941
17171
12258
18202
10465
13681
10383
18955
10270
12220
10157
10637
15080
10006
18304
12413
11539
18579
15665
18119
11283
13098
11800
13772
11141
12173
14675
10117
11859
15497
16276
10654
17289
11722
14195
19571
10399
14348
11258
13335
14635
19143
10158
14304
19172
12637
17685
14623
14441
17565
13643
13978
19939
17759
12842
15275
19741
12015
14619
18207
12474
13677
13316
11864
11499
10274
14813
14016
17986
15503
18801
16502
14242
13972
13797
13313
17179
17742
12112
10338
12105
12450
14902
13524
15182
10029
13282
15247
18822
14437
10059
17056
18071
16627
18048
10623
17588
15063
15171
17773
18211
18473
13616
14689
19311
18270
10101
15119
18138
19076
17053
12230
10185
17136
19913
19079
15221
18042
14124
13189
12116
17175
16421
11614
11817
18523
18977
19006
11918
10135
11697
12770
18151
17377
17478
16133
17808
18339
17595
12089
17651
19323
19585
18649
14137
12105
17920
18508
16964
18893
18593
14359
17866
15295
12337
14405
15364
16453
17600
11324
12729
16515
13624
11953
10811
17096
16063
14209
19599
16016
12351
12452
12348
13690
11775
12378
13990
10839
15626
11791
11098
17873
16131
14157
14220
13229
18964
17725
14564
15271
13019
14152
16161
19869
12919
17104
11466
13760
14203
13064
13094
11963
18556
13746
16854
16019
16544
11902
11625
18733
18372
10094
19692
10193
18897
15011
17140
19318
11777
18340
17677
14954
19064
18823
14778
10670
16716
19164
16495
17724
13628
15753
14405
11458
11555
18765
13245
17381
16031
15160
10549
14507
13819
17341
16268
15219
10748
15761
10796
12846
14886
14685
16088
10448
13907
16444
18599
16871
12248
11057
14715
19041
13204
14872
18988
12684
13421
14006
13018
17189
12473
15806
18170
14131
18128
14285
18403
13191
18749
13543
10472
13594
17839
16556
17520
14030
12186
15409
18615
19062
14278
13013
11229
15447
11685
15695
15799
17524
11003
10617
11548
16794
11565
11971
10572
17234
14646
15086
12807
14460
17154
18176
17959
13871
14923
17314
11743
10155
19624
11402
12822
18139
15029
10386
13757
12840
12953
11806
13944
14848
16485
17846
15056
15595
18335
17525
19794
16023
15082
16377
12918
11213
13906
19044
19463
13057
16984
18578
18793
12814
10142
19914
14744
15472
16618
13982
11473
18255
13762
13236
11827
16308
10442
18982
10067
19637
15507
15828
13598
16698
13193
18837
18986
11700
19635
14483
16000
14647
15718
17423
19677
15383
15489
11244
14455
15571
15988
12874
16349
15339
13985
17097
18804
14625
17400
19808
15379
12717
14376
15999
17754
13367
10965
11268
10658
16968
19141
13666
16300
15786
10490
16077
19595
12980
17348
18020
12109
11248
12336
19733
16987
12340
19355
10717
19328
14383
13886
19549
16518
19990
18176
11671
10806
14466
17294
17164
12077
10080
15399
10984
12205
19320
17635
14119
13643
17320
11967
15196
13963
11289
17051
18642
14957
12578
16709
17274
19604
15319
18993
14312
12706
14064
17946
12253
11355
11669
19164
13779
19456
17857
16049
12936
16571
18324
12263
13178
15037
14063
17272
12571
10903
10615
16138
15424
13641
17423
11736
13932
16737
18114
17430
13045
16327
13617
10902
16688
17830
11311
15335
13710
11173
15090
12388
17509
13666
13156
12572
14126
15815
12672
12486
19799
19472
12950
15155
10462
19566
11777
19219
12474
10385
12682
15080
15972
14880
14486
11305
19712
10763
18299
12522
18958
10363
11285
10868
16067
12073
10988
16648
16778
10056
18765
10249
13891
15386
15987
16644
14024
16238
12052
15776
12439
16909
18966
17061
15547
15452
13281
13832
10615
17570
12526
14075
17507
19996
19881
17088
17733
10091
17854
11774
12090
19595
18968
11241
19232
19573
19053
10059
14076
10491
16647
15109
16757
16018
10223
18276
19901
11675
13485
19441
14506
19816
17796
11164
12393
10471
19980
12288
16273
13631
13184
16241
16855
12226
18271
11294
10087
16687
13277
14205
16619
11315
18925
15746
19878
19925
18822
16475
18787
13191
14057
13744
16062
13002
13230
16457
13282
19706
10578
12343
19485
16620
16854
13646
10898
12428
19877
11016
15615
16141
14254
12159
18498
11198
12697
11284
18415
14997
14525
17807
12030
17615
10533
17876
15795
18835
17189
10302
10533
15718
17294
19261
11079
13901
18718
19706
16780
14570
17559
17910
17373
15628
17214
18712
12731
19963
10196
13136
14273
15904
15291
14882
10472
14995
18638
11861
18812
9999
13685
19415
11778
11720
11594
15169
15065
16634
10653
11560
11986
18622
10515
10990
19330
17148
14683
10295
16332
11105
12557
15772
10287
12269
10554
17324
19422
14779
10378
10485
16070
17441
11302
18049
10991
13704
12527
18816
12635
10193
11105
19582
13631
18374
10717
17905
10372
15531
16655
17412
10627
10634
12793
14466
18356
17819
17026
14827
14595
15278
12655
11662
18143
10133
14608
11690
10059
10525
10942
14562
11551
14571
12120
11677
15652
12144
12767
14551
19323
19468
13250
19572
14085
18405
11279
15537
10074
12036
16976
12714
10573
15623
18362
17306
11472
17363
18074
13229
12859
16500
16232
13874
18029
17276
18892
10100
18506
15997
16251
17201
12438
15030
19893
12717
17632
11960
13726
19098
19872
14306
19030
19995
11743
10234
19989
16696
17136
13495
12485
11647
11826
16484
15546
19318
11118
18736
11800
10752
11369
19450
10590
17111
13427
11697
14962
19163
12478
12868
11659
14293
10644
10572
11460
19916
15743
15782
15728
12349
12101
15255
13863
13196
17026
13465
15530
11054
19596
10193
10955
14993
16834
13689
12398
17651
15958
10885
19974
10020
10440
15559
15400
17049
11892
12481
17974
13026
19415
10648
18076
18391
12990
11501
14878
15081
17728
18651
16551
15835
11343
14114
13235
13947
18103
12283
15331
13915
18669
16965
12232
10131
16762
18664
19543
10313
10352
19036
16004
12727
17249
16892
14936
11417
12332
15503
18766
11640
16480
14056
19425
18494
15236
17077
11828
15309
18689
14397
12441
14847
12675
10794
10008
15503
15433
18852
10930
16804
13132
10746
17504
13332
12331
14708
13227
13871
17333
19713
15745
13030
15676
17588
14644
15939
15524
15183
18273
12648
14612
10498
11035
17857
11581
15741
10195
13235
17021
17168
19140
14246
13349
16279
12235
10622
19791
19395
14978
19908
11125
13043
11928
16404
16632
10638
14109
13653
18723
11954
17002
17222
19100
10580
10020
15936
13993
16206
18484
13955
18984
17873
19454
13126
18258
11607
13560
14903
12747
10814
15940
13766
16535
10642
10745
19593
11156
18171
15357
14682
12989
18728
12380
12275
19776
14866
19765
17287
18520
18654
12019
16745
18497
19778
18341
16926
19894
11664
16732
16562
10758
15357
16685
10635
12337
16169
16854
17291
15621
11305
18286
11133
10015
17566
18246
19850
18366
17026
14445
17429
11293
15133
14576
16579
17775
10082
11438
14874
18200
14487
19685
14123
10766
10400
16210
10025
12018
16570
12558
19734
17539
12408
14387
18167
19410
16649
19954
10091
12892
19888
16905
13830
15970
19304
14216
14251
11893
10719
14024
17185
16667
17874
16328
14805
10545
11276
18041
11637
15036
19350
16723
13882
14629
12681
18473
10489
15577
18178
18915
13058
12368
13653
16006
13016
16246
14962
13461
18808
19111
17182
14000
12808
10466
18531
12334
17580
14651
10734
18839
13730
10575
12353
16192
17102
16394
12247
12903
11351
17112
18778
19636
13022
14001
16609
16481
10196
10862
17069
11956
12481
13691
19869
17370
19668
17084
13724
13431
18725
12862
10900
19499
13990
13814
16036
19701
13348
18192
12740
14318
14037
18679
12391
19264
15281
12883
18337
11288
11378
11121
15269
11632
18118
11228
17920
16215
17408
19458
15428
16194
19884
11135
17742
18755
12903
14676
18243
14296
11842
17804
12392
12862
15864
15394
15688
19624
15462
14192
15432
16467
17992
10887
19925
14380
19113
16463
15556
19175
12640
11607
16977
11333
18618
15047
18033
19288
19619
19098
11479
14250
18260
14513
13620
13915
14671
19717
15957
11760
11329
17891
19710
18486
14000
19104
10630
12207
11838
13609
10913
14426
16683
16776
12216
19491
11469
15740
18812
16320
10325
12781
12691
12475
18405
10673
13113
12320
17818
10829
11510
12983
17092
15918
18926
14102
15531
14802
17251
19912
10579
19179
17384
15161
15808
18058
17153
19524
19516
18378
19351
18730
19114
17461
15538
14445
14400
15780
14426
19112
13675
16526
14585
16400
10204
11891
19983
12710
12982
14606
13435
10242
14963
17296
17453
17564
13984
11538
14102
19304
16422
13082
15612
12645
11347
19658
15168
14603
13360
13044
13060
10743
15621
17591
16742
12963
10684
13304
14643
11200
15652
12747
12650
11570
19892
17527
19036
11292
18122
11926
18344
19001
19003
18388
17216
17553
19537
11941
15496
15284
18580
18467
14055
10821
18534
14690
16764
16011
12909
16219
17750
11307
18852
13575
16699
18048
17969
15198
14318
12453
15817
10689
17266
16878
10276
17187
16900
14899
11700
16689
18973
18129
13211
12407
12075
14325
17788
17753
11060
18306
19927
12468
17929
19466
13527
16561
16753
12282
14441
14221
11091
19084
15596
16690
12023
17583
15023
15176
12485
19197
12241
12346
18869
18001
16448
13657
13999
14342
10746
17856
16566
11575
10261
19351
10809
19165
18379
13814
16874
10495
14621
12412
16591
19128
19658
19316
11679
12937
17839
11804
11337
11625
15310
12186
14043
19399
12205
16014
14005
11293
10756
11610
16137
18557
17222
11825
14733
15800
14477
10085
10037
10194
13823
19316
13837
10915
19118
14121
19863
15226
13695
13720
17327
16135
10678
15571
16223
15377
10303
17351
11161
14662
13640
18044
16461
17536
10706
17217
18970
14029
12386
15285
16664
10334
19792
16528
10467
16142
11757
10955
13915
12994
10995
10718
10298
18051
12107
11705
19775
18960
10147
11190
19513
17225
16695
17988
18448
19385
11511
12404
14426
17622
11779
19485
15637
13987
17637
10516
10080
15345
12260
14601
16542
19332
17127
14188
18029
15178
18213
15906
13982
17057
16910
10776
10668
11776
10180
15960
10133
17110
18133
13523
16864
11816
13562
10430
17836
13505
17266
17944
16070
15885
14963
17910
19962
12667
16524
18061
10689
11402
15842
18354
17824
16880
10211
15648
18891
10360
11318
14553
12084
17886
16079
18160
12608
18172
14486
13554
12154
18187
13309
13491
17963
12420
19096
17434
12559
10059
11221
12253
17814
12794
15935
15356
17245
14857
15306
10708
18682
15997
10783
11314
15291
17603
19677
10052
16763
11923
14273
14479
14031
14445
17561
10179
10257
19892
16527
11562
18034
12988
13911
18621
17754
16215
11898
13106
14932
18053
16756
17799
14874
16913
11699
18133
11572
17903
16372
16284
13923
11832
15233
14035
16474
18475
13900
12190
13766
18992
12007
11155
17050
15643
13498
19401
19651
10416
10472
13945
12592
18080
14620
19773
15214
13267
11131
13124
16476
15722
13542
16983
11387
12543
14378
15762
13582
11411
15734
10188
19445
14154
15915
12682
11387
15718
13159
18163
17891
19648
15102
15118
15726
17517
13131
17065
15453
16383
14082
15017
14678
15334
17803
17519
14872
19435
18052
15925
16576
17005
15919
19147
14735
14023
19501
13851
10592
17699
10898
13250
19070
19757
11802
10036
10904
18826
11879
16766
16935
10473
19984
10035
17883
12885
16812
13199
16722
15975
19038
16022
12319
11782
19199
18668
12405
14437
12628
11746
11128
18658
12603
13734
11461
16794
17534
12036
15541
15765
19496
14192
16684
16871
11693
11282
15224
13444
13574
16470
16624
13573
16186
17793
14346
17714
17134
15802
11882
13906
14020
13462
18026
16541
17601
17857
16971
18118
11065
10639
10170
17308
19828
16962
19991
10756
16987
10627
16165
10535
13255
16607
14822
13937
16528
10730
16386
17380
15533
10374
13093
11589
14005
19242
19030
10962
16718
13980
15607
15995
16348
10310
13225
14057
10628
11563
15502
10387
12554
13093
15900
18183
12480
11918
17829
13920
19900
12089
18389
11633
14386
12807
12802
17775
19757
18104
11256
16493
12833
14032
12439
13707
18379
11722
18305
17162
14732
12429
12809
18826
10490
13733
13251
15453
11146
14440
16635
12881
16055
19397
15052
19774
10294
14437
13448
16855
13042
15986
10339
18452
13937
19457
17061
14152
11575
15510
13957
19733
13740
13509
12536
18169
17295
17024
11075
13491
16727
17133
17429
12533
14292
15460
16843
12203
11403
10342
14485
12810
10463
16374
12078
11199
18687
19655
15555
10948
10643
18531
15952
10758
14200
12341
18923
16273
15359
18745
19157
15069
11075
13580
14804
19303
15565
15880
13527
15601
14833
14665
16216
17186
16202
13438
16596
18925
14462
12939
14955
12039
13944
12629
12056
11522
16288
16624
14919
15987
16967
10365
19614
16618
19739
10183
17475
19174
17109
19058
10189
10582
16611
18428
16131
19565
17266
17667
14979
18941
17925
19979
10209
15795
19365
15893
19309
14517
14989
13288
19769
16879
10782
15930
14795
12776
13758
10862
16488
15053
19557
18706
15768
11872
14102
19865
17750
10555
11228
14006
18440
17471
18074
19743
13641
19617
12687
16410
13796
14863
13782
10071
19099
19464
10852
11440
17683
13428
13977
14251
15935
16614
16557
18856
14068
10964
10943
17235
11956
17263
16478
12487
19956
17943
11800
17952
16915
11041
18458
18535
12929
14221
10818
19591
17510
11933
18091
16743
14792
13244
17851
13394
16168
12655
16896
11372
17297
11290
14472
14150
10835
11272
14956
11367
18428
11781
11947
18025
15496
11341
13357
11642
10215
17210
17607
15908
13656
19383
14281
19914
11569
13722
18748
17945
19509
15953
19114
15960
12084
15887
15659
17398
14013
19123
17410
12759
15325
11692
17864
14524
15618
11634
12066
11393
12539
10322
10187
13611
17845
15542
18566
14139
10296
17729
17762
18862
18464
10613
18626
12671
18011
17558
11541
17259
17493
15289
11126
10773
13841
17464
18463
19105
13739
11480
15638
13488
19934
13344
12825
19383
12112
17001
16441
17107
10489
16540
18016
15608
16438
11928
17342
16920
18630
11545
10152
10331
14996
17662
10183
12143
10537
14247
17778
18961
18512
19989
12368
19931
17854
13263
14182
16070
12820
19943
11252
12885
11796
19385
11467
15847
10945
18727
15782
16990
14996
10690
17953
14857
11796
15519
18195
19369
19503
13355
13018
17774
15241
19423
11158
17786
11957
10691
16000
19261
15742
19365
18189
16310
19402
15481
18218
17639
19323
18229
17700
14044
11688
13106
19764
18537
11060
10013
13547
16345
18992
15549
15130
19158
12848
11299
17393
10441
15380
18781
14287
16352
13645
10814
10773
19872
11925
18581
18317
14139
16943
13400
17201
14633
15337
12333
11199
18860
12683
17145
17151
16499
10586
16832
11844
12609
13338
14995
11301
11367
18503
14634
12995
18127
16388
14615
19865
13094
11821
14011
16073
10795
17930
12804
18359
15710
15650
10017
13595
15919
14630
13240
12680
13427
10840
16737
13244
11951
13753
18849
18833
10371
11238
13226
10202
12823
13499
12593
15142
14427
18281
18212
16854
15044
18365
12959
17337
12131
18935
11068
11443
17739
16768
12933
19323
14026
15432
19123
19813
16284
10644
13768
15021
12366
17798
13817
16798
12706
19272
17309
19107
15623
12630
10778
16399
18511
12008
13184
17008
16678
14126
11326
12322
18096
17210
19642
17016
14129
15812
15460
12995
13430
17033
19328
19857
18624
13970
18872
17657
13143
10348
13783
13572
18629
16233
19007
12622
11702
18504
12960
14072
12553
11312
17730
19327
16839
11150
18548
14197
16640
18356
10624
18252
15882
11867
12377
16653
10536
16900
15470
15328
14171
15809
13726
18659
14967
10890
14926
19921
11208
14099
11782
18675
18403
12758
10981
16004
12714
12202
12072
18045
12169
16014
11188
10618
19250
11993
18141
12918
15877
17355
19227
16213
14574
19759
12267
14289
17619
11740
14847
15980
19397
14854
11507
16529
15818
16433
10715
13781
18686
16237
17859
17225
12168
12463
16210
12758
13208
16613
13826
13723
17559
14509
10709
19248
18454
16418
17182
14184
15414
12658
11400
11084
16610
12353
11215
13531
19349
12033
13158
11898
19758
17718
19250
17134
14564
18754
10526
15523
14944
14248
14722
17573
14895
13215
14350
17087
14299
17706
10622
12351
19911
14158
18078
19917
15866
11921
14558
12883
19010
19511
11300
19843
13300
18544
18261
17640
11894
12462
10544
11008
15103
12205
12807
14770
17357
13778
19862
19780
16562
13333
13343
12082
14783
13794
16271
15870
10051
13334
19614
14710
15296
10094
17561
12275
11865
19384
11068
13333
11941
19344
12527
18108
16238
18535
17848
18290
10837
14235
16159
10957
19729
13388
11432
17450
17706
19056
14816
17857
11621
14035
11241
18179
16688
19822
18950
16466
18515
13515
15980
16265
10866
17477
13393
10572
13755
16496
11007
17146
16408
15127
17768
16512
14890
13421
15537
17296
14738
12775
12033
19607
14795
14843
15933
16117
19662
15555
14739
12224
14638
13163
13915
11194
18847
13919
14001
17568
19361
11521
10946
12262
11577
16774
13746
15780
18818
12039
12595
11731
17207
11023
10267
11480
10252
18166
19168
12134
11201
13517
16627
14332
10278
18336
11387
13330
18208
13856
14941
16727
17011
10677
12426
14838
14056
19053
19098
15220
15531
10989
10064
11126
11096
13512
12930
14777
12337
18719
15266
10239
13805
10309
11402
17473
16955
18164
15977
18579
14062
12249
14831
19712
11357
14626
17415
17221
18011
13672
18690
14598
10374
17745
12644
17607
18927
16491
14040
18534
18745
16731
19742
16962
12999
16439
16113
13665
12978
14739
14315
16283
17436
17990
11099
10265
18692
12093
18686
16274
12826
18946
13665
15669
16587
10598
11513
19047
14145
18155
10261
18840
12728
13660
14158
15965
17344
12346
15730
12194
11282
19451
12557
14471
10914
10547
13284
14773
10399
16825
15927
19247
14366
17069
10365
13357
14376
16246
16052
15563
18005
16536
15450
10637
17790
10409
13476
15175
10944
16927
13314
12043
19742
11823
19366
17600
16769
19120
18819
15314
18901
17055
14341
12141
18733
13897
11739
19436
12488
19878
18073
18511
18953
19911
17693
12034
14880
18034
15917
16390
18465
18562
12683
16825
13992
10856
11385
16795
17593
14285
11324
15221
16102
17466
15750
10584
18525
11215
11262
18714
12280
17762
18549
11975
14515
19697
18844
11105
12097
10957
15303
17406
12628
18636
13576
12212
12758
18863
11224
12599
19439
12152
11404
17139
14340
13650
12197
13194
11596
11517
19354
17714
14296
12335
16842
16769
15680
15855
16572
15199
16881
12685
15926
16631
14237
17571
19320
15872
15669
17802
17931
10217
17453
11008
19928
13576
19833
19080
12053
17453
12323
15282
12289
15854
17336
19793
12431
16923
13783
14787
18900
12750
10711
14017
19887
10211
14677
13345
16994
19895
13586
18122
19974
17257
14008
10471
13827
19965
18623
14558
18619
18071
15354
10745
13623
19131
10026
10171
19143
18681
19894
19742
11242
17580
16306