5113
4283
4497
6819
1615
8594
8860
7693
7310
4898
888
4107
1695
3787
5898
4899
1880
1955
7651
7945
3907
5838
9986
373
6231
2821
1827
1298
3570
1734
3477
2245
4040
3865
4810
5656
5189
218
9399
3394
8542
7431
5179
6197
982
9063
9901
5604
5436
9573
6237
4703
1938
8984
6317
3965
6424
9873
4489
340
7239
225
3297
9287
7162
7108
3239
3613
4118
5469
2372
3226
7498
4190
293
5212
7089
1205
1746
740
7316
2974
175
5487
461
6937
9884
416
3591
9449
5095
9996
689
6102
4049
9410
7761
7120
302
4197
4357
4528
3622
8391
8724
3356
3720
3860
6147
4823
8111
6695
3556
851
2300
9133
3321
7332
7506
7524
983
4418
3249
2288
9717
298
1018
8714
4403
5698
3202
5685
8599
3847
7554
4559
3042
2501
4522
32
2289
8434
3110
1954
3584
4007
3960
1596
6986
6332
5029
9277
6091
2207
4204
98
5670
5489
1793
196
9458
9437
3864
1953
7583
3110
3180
773
4679
4395
2847
4932
7471
5082
5724
7319
8444
4174
1304
6673
9539
3590
8631
2621
5273
9252
8011
6598
5209
3359
6807
4994
3556
6774
7042
364
9522
4528
6279
4189
726
2789
8761
4726
2160
5282
7972
188
5036
1965
8095
8464
1528
8694
7885
8266
1604
918
1602
9105
7377
5095
8723
2250
2235
3312
1542
9611
2291
4539
441
5979
1909
9284
1278
6584
9657
5056
7300
6324
6181
3208
6065
9036
9423
2560
8347
3558
367
1545
3862
4599
627
7887
5159
5615
3933
5375
5159
4610
87
3241
5972
2115
8247
190
1154
8254
1277
9111
6062
146
2921
3473
7202
7834
8217
7736
9540
2103
3184
95
794
6028
7971
9242
1208
4597
300
7384
7066
2164
962
7184
9453
1801
752
3526
7655
3790
6929
4522
1575
9005
893
7214
871
6414
300
5410
1662
864
5306
270
7330
275
6676
4603
1658
9856
1374
4622
5938
4758
4358
9890
9528
2418
6131
6129
2627
4682
3032
5791
8675
422
9877
2515
6515
8443
8876
1330
5659
2245
9665
9994
2066
5969
3386
3608
2049
6164
3078
5366
1875
5932
9530
5733
8616
8593
5638
786
409
2566
6647
6056
2965
626
9173
9507
2954
5030
6828
6668
7696
7307
5033
9014
4863
4841
2842
7875
2273
1894
4168
6515
7585
953
9360
603
7219
9674
3404
9822
461
3688
4241
506
8339
646
754
6162
8801
4499
8257
4019
513
8420
2693
5750
5612
4688
5672
1089
1581
4408
9159
6826
6193
8386
4125
6873
8859
6609
7033
9784
5844
9522
3963
7706
8703
4500
4590
9637
4874
8309
8159
3069
6465
4006
3707
6974
6813
2234
6135
614
3562
3872
9753
2702
1014
474
788
2451
7493
7354
4977
7860
3585
9160
4312
5946
1406
498
9870
6751
6796
7777
3016
4908
7461
1891
8206
2020
2727
3131
2587
3158
3340
6481
4945
4291
6420
5239
3049
1293
4612
3449
6168
343
6184
9616
1853
9279
4868
979
2166
3668
7816
7066
9539
9670
225
7329
6226
6297
2332
7270
1545
213
1094
9887
1523
7918
8096
3051
6929
5434
4350
9715
9138
9300
3373
8828
3437
5869
4132
3276
11
3897
2772
502
2418
7405
5753
5172
3403
6643
9811
5696
821
3895
4286
9679
7715
9506
7900
202
8048
5648
8277
4170
7043
6576
8533
7536
8413
5079
4404
4655
1071
9010
2146
3447
9417
8630
7617
4942
8893
8549
7885
3900
5314
8912
5126
9123
3701
8115
1774
5193
7145
914
9966
3780
6767
4366
5363
1969
8993
7827
614
8481
9624
385
89
7505
7245
3525
1884
5348
2876
8996
8688
2943
3765
2228
6883
5377
5149
4118
1434
2956
7297
5571
7485
3252
4746
4754
2043
7283
3308
5668
9566
8823
9032
4748
5242
3881
7458
1742
1295
59
3581
6579
5727
5197
7217
614
9897
4363
7263
190
1682
4503
6667
4473
8357
2238
2408
5009
4578
2634
2034
5853
9874
4516
8229
9655
8235
9171
2331
4517
1870
3733
6466
887
7838
6153
7499
5084
5611
359
2927
1408
7052
6269
5660
7574
5164
7479
4685
4670
5051
4425
536
1476
4469
2620
4145
8309
223
6611
8876
94
3901
2024
4816
1874
8833
6136
9302
376
7487
2360
5697
1935
9595
6771
5959
5231
9956
3473
3550
5438
4474
6469
6338
3115
7386
5795
5442
682
8906
1644
5530
2397
7136
7367
1675
2139
5485
94
6743
4159
4519
5282
3369
7040
2228
3900
5857
7528
9442
1490
8269
276
7715
4802
8467
6391
2054
4605
3002
6667
193
115
5225
4773
9402
4151
9415
2836
1205
1758
9058
5749
6231
7818
9099
1830
7818
9405
1934
8773
7913
4524
6223
2612
1387
2115
9424
4668
3980
911
4559
6475
9223
4427
7484
4284
8608
8730
5241
8849
1709
6701
778
8191
3797
2418
5803
7077
8417
3194
3377
746
5535
8837
6664
5571
3685
8605
5372
9550
8466
5371
7844
8479
560
5161
9608
2948
1702
7061
2563
310
6378
4479
3619
1743
9108
6528
6349
2578
4701
8471
1838
2747
9910
2128
5165
9540
6245
2563
8956
4641
2842
631
8812
2538
5984
5121
7824
2114
7136
829
3722
1608
4303
4135
2162
4249
6327
2295
7845
3264
4739
8455
2986
8636
1123
3954
6416
8828
9968
9962
3987
4393
9145
2950
7453
9824
1452
3302
9289
4859
5105
5653
3043
9451
5088
5962
4763
9395
7619
6587
1848
5428
2022
1231
5353
6209
2762
5485
2182
1246
6249
2966
6406
6218
3891
5180
5018
838
1655
3310
8646
3265
3998
6033
2304
177
4466
2284
6369
7248
7020
432
2184
2049
9994
7122
2766
2493
62
1383
5972
5839
2308
139
5224
4984
9484
2653
7079
1807
101
7914
2732
7257
8395
2373
8310
5312
2775
720
3992
804
4709
2410
2346
123
6915
5957
8541
9750
6869
9250
844
6241
165
9228
6222
6182
711
4061
7063
7392
5851
9009
7950
6679
5852
2037
5450
828
1781
9179
8549
4946
5779
5934
6035
3447
2630
6860
7035
4558
5937
7684
6772
7723
5937
7997
1851
4186
5578
7953
5616
8124
9548
6405
6737
9391
3477
3302
606
9240
6368
9809
3004
8576
9531
9662
2677
3752
7430
762
9532
3018
8999
832
2078
670
4667
340
7668
246
7703
6924
4085
5223
4092
2027
1289
5316
1529
8874
1992
6360
1738
9141
9584
1040
3134
8160
2453
3651
6471
8964
9379
2815
9355
7082
7952
2353
5479
5027
3085
7215
4818
8497
9242
7190
7439
9430
3545
6508
3981
3255
330
1697
1849
7196
4246
791
4067
151
5352
7931
9934
3470
9701
7615
448
6967
2572
9717
9561
9743
9465
1306
2481
742
4019
6604
5578
347
4325
4105
7989
2240
2202
4454
1584
4666
6561
8345
5965
9847
8912
7604
1566
2683
6581
1167
2507
8841
8312
7632
3878
8571
2796
7993
230
3759
5828
7886
2912
3038
3314
1313
5733
3689
1146
5068
4628
5282
3206
8762
1487
7636
5411
7715
8251
4976
4008
8195
8817
7430
7606
6405
8657
8540
6155
241
6615
9678
5361
543
2005
7666
5364
9622
704
5846
3760
9510
615
41
4168
9246
7662
194
3139
2491
793
2337
5233
3230
2755
6497
6492
8393
5071
438
4170
6406
9365
5576
9454
3507
5326
5244
4942
3758
827
5980
2479
7368
7983
3906
8908
985
942
8198
2662
6017
7485
6353
3061
3542
9880
9790
1277
239
1410
5980
7276
6812
1735
8674
2543
4015
814
8192
6084
7163
8730
221
1595
9991
3264
8706
7941
6927
2034
1571
9870
8488
4426
8869
7496
6222
6306
4353
4764
556
7440
9251
8789
950
1280
8095
8536
2982
5801
8113
4011
6210
8977
2911
2791
519
2556
6877
2616
7316
1392
7869
4833
4341
1332
8625
8796
4089
7543
350
207
9587
7372
7199
5547
7818
2915
6083
3165
4109
3939
9652
487
2247
9620
8773
1081
1274
8505
4103
4777
5883
6234
5368
8514
7722
6671
2440
9528
2925
9977
8537
1033
6200
7371
3587
1231
1467
3605
8610
1219
295
2241
749
3547
478
4358
9315
260
4934
1210
8211
155
3802
8229
4824
2452
9022
2192
4399
8494
7516
1996
1671
3838
384
1552
8228
5159
7932
2138
3552
5196
7433
3830
8031
9212
8571
9020
173
6060
3871
1124
1558
7058
6867
8244
9585
5373
3202
2058
8506
9074
1867
3046
1675
7154
3198
5471
2502
2807
898
533
6497
3437
1989
5398
1311
8381
4801
538
4439
2468
568
8457
3187
5139
2332
2573
5192
6528
140
434
2172
4041
7151
681
5337
1721
9398
1500
2860
5442
626
4316
6826
1434
2194
6726
8752
307
2278
4708
1654
2098
7157
5647
2847
7698
1799
9874
6511
2193
8656
7450
4938
4775
3946
8138
4821
9110
5757
3708
8731
2445
5262
4289
478
1671
6657
1256
6424
9489
2700
93
3468
3369
2378
9849
1006
5826
7289
7832
9772
787
6881
7144
728
479
337
29
6707
8335
2055
1793
2183
1788
827
7177
6641
5833
9433
7795
7833
2668
7145
4363
8751
797
6717
3084
1668
7031
9718
6883
9426
204
6579
6608
8169
9222
2536
6662
8551
807
8583
2642
1859
5905
877
7768
3015
8242
6971
6088
7719
8424
1791
7712
5362
5746
9551
1467
5780
4759
2434
1767
5317
9295
3675
7924
7970
8031
418
8248
6806
7746
1985
6592
6916
3027
5784
2753
9460
9784
5165
7997
4887
4984
7971
7776
9481
8524
9894
6682
7315
9683
9873
8391
3865
7792
844
7674
246
8334
4645
2456
5778
6068
1945
3905
7934
2132
9808
537
3868
2237
994
8900
5773
2528
7162
4337
2552
6351
3733
6541
8308
5553
7623
8520
3075
515
3738
2053
5259
7881
7876
2538
1601
8353
3508
2296
1476
6888
8728
852
8308
262
2495
5636
7869
2757
294
101
372
7135
7665
9545
92
4101
7607
6126
741
1772
3738
8617
451
9761
8386
8114
3718
6958
7670
201
9867
6052
5270
1414
910
7576
2391
4670
9418
6602
2012
3042
4255
6544
1837
417
6191
5314
1975
1565
8245
4047
1632
811
898
3325
1429
9108
6661
2077
7474
9225
8134
8252
6028
6963
8160
645
7343
7752
5193
7317
5600
7642
1647
6295
8366
6809
8704
4077
7513
3769
2134
4176
8638
9246
5117
1374
5823
8691
6771
7603
6028
554
7115
5939
4304
8174
2797
3875
2618
7669
6909
8183
149
2161
695
6550
695
1701
2836
9594
4307
1205
6700
5571
379
8470
760
75
5461
3156
18
8228
8264
563
2908
4670
5380
2013
7657
6084
620
2553
5948
1014
161
7517
1435
2370
1388
3194
3839
9163
4791
6262
1643
8060
6168
7655
2839
3382
1451
7963
9368
4340
8139
3893
3309
5200
8653
1010
6072
8222
4842
7465
4359
3734
215
3120
5535
3327
3442
9051
9396
2983
3530
5696
5319
2703
3147
7846
893
2883
6597
3420
5943
1815
7001
6806
595
7261
3968
1281
8079
8036
9431
872
1957
9818
6538
5279
3591
817
28
7005
4552
8832
1040
1799
6597
9760
2216
3942
2463
3111
2279
9370
9733
7714
5509
6121
3170
8858
1151
416
608
2329
2423
2186
5080
2103
3647
6206
40
301
3294
5090
9247
5898
909
9630
2424
9875
5841
5004
6320
373
4837
7627
8693
3703
1187
7474
734
9947
9295
4097
8769
1459
8239
8531
8053
4928
2475
1809
5621
421
9709
8688
1100
4842
8389
2138
3875
9229
2396
3066
8357
8946
4483
7873
1852
7147
4248
9173
1146
4467
5587
6121
5829
3429
5603
936
8895
4298
8976
3867
9217
6110
1757
9482
8100
3348
4988
1471
1692
7904
8717
8390
8178
9842
6421
4273
2700
6275
7975
1847
2571
4871
113
924
2400
8339
7430
6924
2315
6248
7875
49
4674
333
768
6533
9371
4395
8998
4529
4759
4113
7303
7683
8346
4232
2606
2590
1995
9361
9268
7211
964
6763
4924
2206
9734
4192
7212
2531
605
4303
8776
1959
507
8052
573
5620
3012
3539
6614
6468
774
7044
9038
774
1634
8505
5844
845
843
3531
1044
4390
2842
8865
8135
5826
3164
8594
9001
9906
873
418
3635
2785
1
8841
4981
4347
3780
5265
7234
7499
4462
5566
4199
8241
8094
3032
7097
4131
6034
6627
202
1018
7041
5808
2168
8798
596
7212
9426
7852
4770
9734
3080
275
8918
4414
814
9166
7967
7529
1100
1419
4324
2849
9925
3034
3906
4585
7026
7426
8227
5871
2043
1773
812
1642
4433
8084
1156
9074
9659
3493
6316
574
443
8496
3472
3049
7339
7217
3528
782
186
1896
7867
9555
1389
7637
4513
4914
8980
6350
6978
3361
4714
9795
2209
3475
3928
6312
5103
392
359
8641
4109
831
2751
7501
8609
8796
1249
5625
4708
7893
2366
1302
9847
2934
2130
6036
8591
4036
4321
8493
516
4719
6588
4718
8689
6784
6623
9184
3209
754
1978
4581
679
6205
7674
7310
4799
1357
5347
2777
9079
5841
717
2968
876
5439
9033
3133
82
7942
1918
1857
6811
8091
835
1844
947
8949
411
2494
7286
3252
4393
9796
7999
8347
3774
743
9725
6158
8310
4358
9204
8311
3275
3971
4446
1011
1060
1651
9980
8985
1855
2943
4941
9131
7526
488
3081
2709
8848
6263
1930
5090
4727
4226
2968
6621
3073
8683
6592
2261
2621
7843
2128
7354
8860
1467
5265
1812
7098
2843
6321
8116
2359
5595
7613
2690
215
9950
7992
548
1746
7663
1194
3200
9784
8228
1751
5304
7861
4191
2746
9781
8989
4324
5246
1359
660
4964
3306
7240
2140
8343
7447
6152
4604
6777
7759
9539
8170
7371
7235
9943
2677
1866
5528
7506
4097
5485
3968
4400
5231
8231
4097
3121
5416
9741
1076
2089
4935
7554
6331
6898
5296
5821
2640
2300
9777
7580
759
3460
5923
370
687
4002
2508
9932
826
8252
1637
8737
5046
4952
9507
6823
7143
4671
3573
2626
5443
6269
8424
2264
1914
5029
8842
3072
6992
5362
8617
1289
7081
4296
8327
887
9728
8504
669
7320
6915
6514
1257
2164
7358
677
3333
883
3026
7138
2645
7480
2002
8943
7229
2779
1450
8919
9213
4021
1629
2190
2282
2900
3385
3138
2121
847
5769
3390
1627
4035
1799
7832
8624
1995
9515
6922
8425
8302
9317
4462
9422
5730
2051
2194
7097
1983
8255
6859
7981
5055
7465
6133
2966
8529
3916
776
5710
2796
9471
6999
8153
2561
8058
9026
2702
1193
7283
3116
6867
6829
2884
3127
9636
3957
8667
362
8831
2168
8606
1972
5711
9618
8792
6363
3154
5332
8597
5565
1801
5076
3542
9352
621
9317
6753
1781
2376
9538
9816
6190
7479
4852
8612
3936
5530
9827
8029
492
8756
361
1321
4664
2278
5842
8512
8019
2739
4016
1416
4565
5551
2779
8929
3588
505
9445
6318
9411
7746
3195
3998
3029
1784
8263
263
5135
916
2594
6127
1980
1596
8024
5830
8218
3590
2436
6019
2417
8411
9162
9161
3156
4627
8899
9189
96
8034
6739
3431
9457
494
742
6683
4708
4236
8873
8835
7751
823
3878
6050
8877
3820
2215
1480
8430
8420
4907
9445
8074
9167
9430
6796
3326
5721
8322
3654
8799
5804
692
2511
3108
8930
6682
561
3408
3797
4448
8586
1340
1206
7729
8093
3971
9398
7483
9795
4631
6227
43
8667
7202
5026
4631
5893
6103
4742
7531
5127
1430
315
1387
6378
2334
4114
8824
9828
3004
9785
2046
2450
194
8789
4505
9490
116
3327
4759
1755
1099
7800
2489
7257
3020
7146
8099
9705
5107
9933
7283
4621
3720
2995
9614
4476
4676
1345
8566
9353
1389
6362
280
4990
1837
3673
7665
2374
5217
1210
1793
2484
1613
3238
5111
4387
7133
1274
636
6826
2614
2195
6284
5083
6762
1848
7663
5081
331
8275
1399
5524
1879
3053
4881
275
3969
5717
3565
7852
8000
2013
4235
3666
2641
2754
7819
3660
6776
7190
6807
8670
2148
1979
1485
5943
6400
3661
755
9670
9589
2973
3007
6953
7293
6742
2239
947
8418
2750
1346
4521
2021
6059
154
7962
9675
9407
8281
2969
4834
1361
6584
6472
6289
2569
4087
979
8141
2120
4558
7493
3528
9426
6546
3211
9475
6857
836
5732
6244
3495
2163
5937
2339
6071
609
4799
5839
5473
5683
333
5262
7473
274
348
1953
754
159
1731
4693
8364
4276
4204
5046
6774
9157
3423
670
3930
3365
9208
3372
9621
9588
6983
4911
4407
9062
4517
817
877
3695
1582
2097
1112
2331
1407
9944
1177
8858
4236
4429
2044
5368
3518
1269
3966
2363
4776
9266
397
3093
837
1148
619
3690
8384
8637
4397
6027
4704
2181
2422
9169
8733
3054
9499
325
2387
2922
8083
7131
6578
5305
6589
8415
4559
4535
2862
9000
4411
226
4773
5498
8958
8249
2397
9112
7280
127
7631
7973
5956
3391
1440
6395
4561
6586
7262
5509
9470
9404
8979
1911
1785
5932
372
7501
484
4754
8521
9441
2172
3539
5368
3206
5928
9399
464
1426
1482
3964
5471
3224
6997
4067
8720
7107
9868
3656
5493
2191
9906
6304
6509
7968
2356
9403
8563
1926
6559
7640
6051
7993
5919
8168
2776
7966
7285
842
7895
7356
7092
8246
2050
2232
6520
4357
8666
3324
6819
5677
3076
5990
821
5499
6838
3260
136
4393
2655
7662
7510
6079
2064
3188
7575
6853
1099
3350
2058
2631
2230
699
8719
1169
4076
9320
9791
3338
737
5946
5929
4333
4127
9967
7482
7297
2593
8047
1464
9835
9724
2136
3499
1018
7973
4598
7273
8176
8755
706
9804
1312
9986
1041
4146
6546
3057
1502
2112
4212
1065
2546
6403
4987
3114
8686
854
8743
9619
6091
1321
7684
4894
2537
3620
5484
8966
8948
4584
6762
8021
6789
670
5786
4687
8309
8878
8461
7173
7004
6910
7192
2294
9015
1893
1851
3384
2983
7451
8831
5583
4230
9103
3977
712
965
6948
7323
1045
49
5961
2522
6054
6532
6660
5450
8735
6456
6778
6757
9083
870
7981
2826
2525
5133
2435
4978
7023
3486
3887
6799
8618
3891
6094
9741
6208
6752
9472
3978
9289
8034
5744
1794
6392
8307
7810
8674
9881
6512
712
1662
7977
8386
9202
303
8146
2920
5328
7252
3522
5782
5476
841
8887
4759
105
4661
7321
3869
8458
2477
5107
7001
7840
2806
3839
8918
4972
3576
7742
9840
1165
8301
3905
7458
2719
8905
3880
9853
3137
9428
3428
7988
6960
979
9242
8500
5333
7076
7014
5377
9991
1464
7305
3724
7327
2235
641
6497
3863
6542
4116
6972
3805
2102
9
8827
4874
3501
2947
7695
2521
4359
1754
9020
5270
2223
4216
3696
1269
3903
5005
4976
9484
5599
3215
174
9198
4308
9681
9607
309
1978
2399
5849
539
5164
7027
6993
8581
9536
3751
7826
4653
3856
7304
3858
8186
5539
3508
14
4126
8778
6224
1822
1580
5781
1735
8180
2324
6294
5459
5069
412
750
7137
5626
3180
3396
2053
9912
1686
6772
2905
3259
113
7316
691
8569
5041
8289
1234
8051
1780
7416
1604
1503
2219
5264
6456
6832
4323
4901
1018
103
15
5392
1
9763
3300
7313
3217
355
960
3231
1133
6205
7256
6758
2989
5031
4125
2351
3191
3010
410
8365
1245
6758
1037
4419
7027
1208
7055
3524
6428
4265
6386
7522
4928
6696
1990
4680
7676
1448
56
9763
8342
444
1287
2683
1194
942
7684
8191
3526
3103
69
7454
5439
9768
6742
5858
7918
5599
4798
5815
4027
3814
3801
8506
1588
5070
8519
2092
1066
3865
8768
358
6984
188
578
3510
672
1299
2665
7431
1316
3678
7353
8447
654
4185
6475
3617
2717
9002
4098
1987
5228
7635
393
3147
9777
8440
8890
6642
4719
7210
2477
3898
5400
1986
2748
1500
1698
4217
2704
6906
68
3236
5241
1043
6206
7789
3678
8357
275
9708
4303
1436
7860
7477
5252
264
4825
1018
6005
7469
7998
4001
1140
9893
6873
4881
9754
3888
9348
1046
2221
9323
9963
3412
4635
8862
4131
8535
4421
960
1940
7433
9899
6213
5749
7037
6800
8199
2195
5337
8906
3746
285
7824
4808
6473
3135
6317
976
7799
7481
7996
2692
1776
8428
8146
224
1814
432
413
3171
9447
9685
8453
1624
3
6276
1602
6000
8955
368
4856
797
8901
7951
4925
8701
6140
8991
891
721
1444
3367
7600
6441
1916
4395
2226
5359
6812
2491
2561
668
8062
8969
1669
1290
3353
165
4886
7192
7272
2806
5659
4387
9385
8407
90
8455
1889
8812
8493
8322
2492
4512
3446
2609
9027
9005
7257
6778
7351
5014
9144
9364
5897
2500
7804
5383
764
6411
7246
8236
1986
1977
4854
5056
3458
6315
1371
331
9195
6731
1657
6295
1091
8969
1089
8879
2889
933
4170
101
7768
2151
1669
1088
3228
491
2238
1281
383
9580
5566
2864
2316
1500
8190
5944
6277
3213
870
6187
7568
9647
6755
5555
1820
9606
1430
7143
1185
55
5993
598
2854
8144
4638
8498
5500
8289
6384
2524
6503
6699
9226
5177
92
7539
1542
2622
3110
3090
6237
4365
5251
2172
8173
6939
5708
3612
1082
2221
7409
5608
3515
9295
6482
1446
9173
7008
9611
7675
2821
4685
5607
171
1270
2569
6901
2083
2562
630
9800
9358
3653
2499
664
743
3517
4370
358
6092
9790
7221
6364
9164
5667
2612
307
8317
8223
2381
1502
3772
6961
5816
3332
290
2005
1750
1643
7231
9846
838
1488
7893
3410
8131
5235
6836
1783
558
958
3373
3913
7491
7462
2918
4693
8154
5131
2457
3263
9613
1450
4681
840
1153
4977
1058
4284
483
434
2315
5911
5648
7505
1483
2376
1248
3911
4069
6333
8113
4937
6738
7886
1084
211
1034
2390
1317
1262
9790
4459
1140
8897
7669
4255
3211
579
5616
3791
2420
1374
1900
3096
6937
4527
5748
4474
7327
1530
641
5189
2255
5611
4111
5392
9698
5607
3596
5720
6297
737
1856
1381
9031
408
788
729
9915
9070
1328
6545
365
2483
4037
574
6468
6032
3764
2637
6898
2399
5641
9890
2461
3127
295
5700
731
662
3489
7025
5081
4999
4355
1778
280
9860
3755
4602
2581
7813
9879
9656
3571
9221
5755
635
2630
8117
4863
3365
6431
202
835
8024
8655
9938
688
4414
618
5188
7901
8197
3674
8789
9018
9958
5965
935
6141
9990
988
284
1622
9158
6168
6936
8673
677
9651
7045
3080
1814
8568
3007
2546
8796
681
735
2604
1969
1171
8070
7091
8630
4416
8671
4027
2277
5256
3623
6590
6530
3845
9256
6836
2992
8690
64
5628
816
1374
8673
5189
3955
8147
5890
1835
9681
9614
7859
3601
1138
6267
7678
8855
1610
2830
6952
7880
5074
8015
8422
5699
2401
5395
8941
1092
3770
9908
9090
8239
8014
4685
8672
3912
2098
9459
1239
5601
459
9779
5761
1313
1462
4228
3537
2013
6228
8809
4581
7350
4178
6710
7386
9104
1303
6475
9934
8474
2215
8930
7904
78
8677
4785
2740
5190
3829
3757
4098
569
6702
5179
1758
6385
671
6100
243
3706
4217
1252
8745
3226
2265
2319
37
4103
6841
3601
4063
809
268
3152
7983
5374
1400
1201
5969
627
7025
7187
4248
9142
6047
1227
1374
9749
465
4077
6408
3138
7723
1765
5672
8502
2507
511
8013
8382
5322
7913
9206
2855
6749
1874
2019
2242
5355
1727
2908
6820
41
4378
3323
3548
3793
887
9972
8529
6578
6773
3973
9000
1056
861
1784
8831
1708
1803
5525
6857
6910
8502
6836
7142
6334
3069
1665
3470
723
1823
4184
6091
4451
4215
3136
4560
4249
707
4388
2521
356
5583
2540
6992
1611
6755
9226
8121
1615
1174
1120
491
1545
189
6848
8428
147
8515
9323
5351
4755
5607
2890
8700
4721
4093
8219
4037
5737
5730
9907
7537
1932
1408
7730
2911
7473
9481
3285
9224
5257
6003
9044
7016
7808
1089
1323
5099
607
9386
4054
9473
3535
8505
5638
2941
5848
5424
4160
2864
3239
5241
7365
3916
2206
6250
7260
5832
3253
4900
8762
9648
382
5481
948
789
1014
6519
2060
1944
6952
6549
5047
8222
8427
2585
6207
4689
4412
5732
1796
8244
230
8331
2765
2720
7357
6931
1980
3087
7195
2151
9184
7892
5346
6441
3556
5493
1552
6211
9748
823
7712
1320
2032
6645
4572
4365
1977
1324
3808
8477
5561
1797
4379
8413
671
2623
7583
2733
55
57
167
7335
4025
7514
1976
7848
6680
4221
3392
696
2314
3644
347
8232
4215
1783
2309
694
4842
6993
5738
4880
2164
3368
5272
9443
9296
847
2006
6110
4338
6217
6734
9832
8761
7220
8309
8315
7187
5920
140
6411
7744
411
8655
7
6014
3786
6058
9147
4771
230
5868
6991
6122
3872
1411
144
996
5602
3223
7321
9231
2356
5539
2014
5653
8824
8173
2004
6971
1106
2071
7264
5946
3351
1790
91
6859
5442
2480
6222
4346
6685
2923
8432
3853
8322
6528
2649
2830
2701
9910
3074
2516
4989
1642
7132
1936
2040
3348
1353
2275
2184
1654
4922
3341
3286
6733
8198
5088
6177
5274
7476
9587
7867
8426
2598
7346
8017
4225
1026
4291
9092
6358
9918
7604
7353
1816
6007
9695
8905
3646
1821
8911
9253
2891
31
3773
8427
5888
5310
1315
7198
9132
65
4321
6756
7983
9477
9086
8193
6540
9630
5910
3259
9948
6223
2642
3131
31
8242
5718
7871
3086
628
8835
6062
4428
2272
8509
5545
6235
5334
8598
9322
8570
2488
9225
2124
7804
9937
7491
1319
9876
3106
2460
2550
5676
8107
6276
7575
9557
7778
4104
7518
3049
6707
723
9686
9308
6772
8913
7094
9153
4323
319
3723
1449
526
2510
8919
9126
1327
7271
9494
1214
9042
552
4665
4026
2869
3084
2306
3358
139
9673
5354
707
988
1907
6578
5792
7453
7262
3396
3688
3655
2161
6309
5356
375
2453
6409
9633
2433
7452
6963
9932
5921
5423
8776
4954
9200
2032
3039
156
8608
5070
7991
9840
9669
3495
5172
8347
2271
4824
920
6706
2664
4367
4058
7047
1494
2642
5910
7360
4221
5400
4561
8964
6308
6708
2695
3455
323
3651
7218
821
6694
5963
4777
3283
9696
9555
1219
4417
9056
9026
86
4739
2392
127
4193
3807
6784
823
994
793
870
2030
4148
6969
2751
5980
6841
303
8479
4825
1872
7453
337
8051
787
3298
3587
5707
5072
6646
386
2353
1858
961
7037
1396
5163
5031
5176
1291
9984
9422
240
9361
7809
6320
4325
1643
5204
1659
8713
9477
6093
6566
7348
9467
1515
9791
3633
148
5361
2767
5561
7624
4816
3710
3818
5314
5070
8563
1427
4640
8918
4276
4639
9399
9740
8332
7659
6404
2282
5626
8470
4285
779
390
5780
3222
7987
1998
1103
2192
6506
2831
6074
5947
4660
9344
4995
4668
3790
2663
6693
7418
694
8911
9127
1571
7367
6193
1429
219
5952
495
249
7460
2192
8608
2101
4105
8737
6261
6463
5012
718
3978
3705
7408
7842
4872
205
5048
6990
4616
7122
782
3622
1186
3901
2440
3528
1619
9798
533
5498
8045
9957
7150
8304
7400
7482
7383
5159
774
4599
4132
9265
8085
6586
3481
9389
6557
4586
6169
7506
4841
8637
9296
3448
4690
7731
6812
2211
5303
3923
7862
7452
3961
3857
4671
8830
4211
9304
1141
9130
8327
3065
1061
2936
595
1536
9482
4859
2066
8048
4483
2255
3182
2571
1315
6673
3
1839
34
4539
9456
4160
1377
9178
2471
4846
2891
9950
884
9011
2182
5774
8714
2379
7145
6102
6696
2608
6040
5662
9530
9505
4426
7448
5292
2895
3164
869
6553
7652
7230
6564
5090
5872
3611
5800
8107
3569
1206
1765
6991
1534
1919
3079
9139
9472
6213
6463
7864
1310
6950
6635
6394
5907
7298
1105
1062
6062
6782
5464
4184
9462
8324
7171
8562
1352
4087
8522
2504
3583
2964
1382
6120
4590
8660
6665
5240
9532
7566
6632
1160
6685
7817
9687
3398
2457
7023
4815
3280
4332
1037
5886
6387
9209
8104
7915
2850
7100
8553
5348
2915
6746
5833
6038
468
5207
6104
4104
9147
2772
8438
3029
1595
3426
2964
4276
7537
1400
6245
5493
6446
9948
1231
875
1360
626
2078
3792
2696
8287
3495
4137
1296
9848
969
2664
6630
460
6479
744
3585
8762
7890
7688
5493
7136
3132
3975
7329
5650
9304
6392
2165
4435
7541
5858
7424
9155
4665
3239
8120
214
6114
3471
1331
7932
664
4784
6994
9218
4478
6972
3134
5572
3815
6440
2330
6685
501
6212
6104
7213
140
6347
1992
3461
1798
4089
4522
1362
479
948
4500
7076
2561
6792
5216
5210
7370
2339
6797
796
3001
5098
1398
245
7591
9046
4863
1003
850
9855
1387
571
9653
3683
8747
5878
8595
3842
4529
7282
3347
9785
98
430
5957
8010
8378
3495
8627
9652
4074
1792
7123
4964
876
9489
1992
5720
4087
3918
1288
2460
5822
2626
9064
6467
1506
4553
147
2435
3176
375
5722
1069
2022
8488
7269
5783
1126
8341
7831
4440
7165
4543
8800
5536
5093
8876
2141
1953
3430
5195
4170
766
5124
1253
9079
1199
946
7986
4664
3598
8916
549
5830
4881
7746
8070
8803
212
9304
4474
907
1442
522
3648
8981
9808
597
6026
2425
6198
8593
9606
5644
1675
2179
1352
8583
9612
7550
8055
230
8024
6217
3841
8860
5915
9676
4427
4067
1861
2692
7032
9761
3446
2534
1397
4102
7449
9584
8655
5650
5738
9451
3154
2275
3893
2621
336
4668
8365
7210
4074
4914
7269
5675
7869
7648
4894
3495
6556
5802
1294
525
8581
702
5993
6372
4915
7158
767
5914
6480
4362
8114
312
981
4995
3586
6566
3935
5835
630
3595
6639
607
1769
5853
4895
9286
9167
3895
5916
7531
131
3129
7348
4230
5823
2728
5869
4234
3942
8102
4464
3607
8161
1292
6880
191
2580
8308
4155
9238
7740
3188
4140
6754
3976
6660
8762
7586
8753
3409
7680
2475
1672
9594
3930
2494
3002
983
1881
9125
2754
5705
4515
2204
4123
748
7338
4476
3280
266
9303
6514
4611
7097
1747
4975
6550
3252
4034
1465
6281
7672
5644
3278
8448
5220
169
9880
5040
4276
6856
6124
9463
2807
6509
9101
5733
4363
3525
365
1546
8427
6167
6484
3341
6607
376
6409
9319
785
907
9997
3194
2720
5891
5319
7585
2429
5559
6810
85
1939
2081
3730
7240
6532
6130
6365
6898
7998
6742
9975
2758
7708
7103
4542
7889
6184
1777
9012
3998
8751
1241
7171
5256
733
474
1915
5789
359
3110
5718
5756
2184
1766
4636
3403
9139
4742
2786
5767
5303
4784
702
5720
8672
1027
5286
6096
4010
2640
6630
385
9681
1440
2367
4456
2276
9029
269
2154
1592
7340
4833
3417
1336
3820
285
2194
8793
8654
4111
3047
1932
1624
7972
4340
525
1080
9118
5376
3609
8489
848
8546
3916
917
7702
3725
2392
4872
6609
586
385
5244
8608
9841
6966
614
2650
19
138
2429
120
6758
4384
8018
3504
5390
8293
784
5740
3989
6519
1185
8152
1543
6036
9163
1226
3596
7789
2678
5725
8290
2505
8570
5941
9975
4742
9433
1399
224
9210
6054
1297
9833
6520
17
2644
2154
9805
4177
8914
8801
2554
7020
9858
8738
3581
6774
2401
2488
9768
1587
9682
6454
8451
4491
8838
6847
2828
9273
1111
8446
7085
4271
3966
6851
582
170
9796
7803
8745
4430
1638
283
149
7614
3825
9512
6618
3066
9773
9061
7164
3541
8247
762
4498
5809
7782
6350
7421
2042
6590
1281
5158
5292
9619
9977
5888
4865
229
8311
6557
5499
2714
7748
6061
6810
9770
1341
7840
5883
932
8072
6109
7854
2941
4114
9979
8626
9432
1863
1116
799
3633
1741
1994
5327
7300
5918
2153
3417
9147
1440
5021
1324
3732
7250
7988
3077
0
3685
9731
829
4664
6533
4271
3858
8347
2690
5202
1297
4690
3759
9710
7932
4244
6278
1677
5213
9237
2902
5766
4247
665
6219
2140
4533
7319
2425
7360
9795
4696
2596
7799
9861
9983
5262
23
7895
2450
7998
9003
6385
839
8745
2901
5911
3786
6832
5619
1899
5882
8678
4474
4559
4996
7548
5183
3515
8630
3515
9637
2807
726
4782
8176
2006
5467
6969
1752
2959
9769
2137
3417
7561
6890
6794
7767
8786
7048
7023
1279
5676
4199
1362
6777
8052
127
7640
4202
2641
8119
5583
1125
6806
6893
7798
5745
1683
2770
7962
6438
9054
3394
1881
4465
6650
6529
8853
8023
2625
9761
5383
2582
6868
3600
6716
8791
9787
766
3537
5408
2747
3885
5958
3318
4387
6369
8882
2175
3746
8678
4628
262
8906
8049
1376
5335
5769
2495
4846
6186
4938
233
8011
4540
4615
6889
9098
5001
5432
8135
5115
695
3693
7068
7110
7387
4883
6375
1669
7182
5991
2157
5307
362
725
315
2724
7567
427
3160
6106
8563
3023
8886
3809
8501
6873
7911
720
946
7662
667
3628
3105
2843
7767
1587
3497
9514
9634
610
7810
7572
890
9635
9448
5523
4324
4359
4636
4051
415
8092
5158
9428
4377
9131
6325
750
4332
3761
3446
6002
5569
6263
2227
5497
3188
7776
146
9964
5911
1518
4719
8542
3745
6114
8852
2298
6511
4478
9892
4564
6234
7545
519
2815
9529
7726
4239
6763
653
4321
8298
3000
8570
8544
6480
7595
2534
5857
3052
444
3306
749
1768
6106
6389
6073
8080
3164
5712
7805
5129
9429
5948
5332
4907
9442
5464
4686
9144
723
2702
7333
8081
1011
6301
6266
7902
2262
6017
5643
8522
607
3406
4036
7330
1179
2700
5998
3762
8381
7036
104
7040
151
3849
6561
4644
3713
266
6496
2964
8601
3428
2624
7567
8968
5100
7163
3135
4029
3321
8129
1777
1816
2552
5845
3361
9781
5801
7188
6846
6610
4599
1443
4428
7967
1861
3557
6441
5826
324
5222
8375
9027
8161
4518
2888
9883
2443
9397
7608
5140
6178
5287
2596
6156
2363
9333
7016
7564
9488
9056
2838
5055
5332
8146
4115
8050
532
7987
6299
5639
777
1380
4469
4293
3066
7996
7233
911
6575
2493
2397
6703
2288
8162
3079
6095
3675
1287
2045
1748
1861
9893
7600
4024
2600
5385
3959
2178
6746
7615
5104
6356
3118
8368
8385
5217
1300
3109
2317
5097
6043
8743
7922
162
4167
7797
8270
4052
8798
9553
5298
2674
5820
2216
8879
7728
1702
1979
1997
3589
3755
4094
6219
9966
135
6381
3104
60
8705
1238
2608
3916
9332
1511
1146
1858
9339
7989
4302
5457
6357
854
4908
6408
9881
5452
4343
3964
2611
6782
7977
5694
635
6196
448
6137
2599
7903
9574
9179
8039
2434
4510
557
8862
1441
4330
2369
4640
2757
346
7111
2583
1097
8991
3196
6800
2389
7117
5567
818
1860
9246
4865
1358
564
4084
2745
466
8217
279
9953
968
8254
6412
3056
1436
5785
7974
2597
6330
5642
6198
9053
7877
5264
2366
737
4405
6616
9700
8863
952
9027
3634
6147
585
5074
3369
2689
4061
7360
9974
2050
5898
1901
989
57
4946
6579
8146
5569
670
3719
5559
5365
7126
5053
3934
2363
6812
4536
3504
9421
264
8701
1143
3846
830
659
3814
3286
8828
3577
7864
8498
7215
4931
2965
8187
581
2067
7185
6745
5838
8848
9535
2131
7180
838
5588
2750
6089
6617
2309
3872
8535
1991
8178
720
2
1274
1452
9116
6546
9974
4113
4261
4829
6677
6297
2059
5881
4012
1369
2881
671
2826
1124
9757
5243
4893
3537
2174
3488
1456
4856
9834
4328
5237
6934
4611
1257
3963
7073
1094
6340
9980
1573
4272
662
8342
6940
1420
2225
276
1132
5613
7317
4232
7338
9717
6328
3527
8604
8304
9237
8945
4188
3920
2944
4939
841
5445
4168
9083
4280
5481
1205
1407
903
8149
7200
8059
8562
5395
5186
7741
9071
82
9077
4590
2307
3919
7014
7784
7975
5591
6364
6382
9782
437
8963
7981
6237
5337
8081
7789
2277
2632
937
1203
781
5194
286
5207
9375
9284
8367
3212
6981
34
2161
1889
1557
9313
1930
7508
2152
5030
3209
8158
9944
863
2372
6703
8215
7988
8681
2390
8845
9336
3974
7868
8921
3362
2212
9214
968
5875
2685
3846
3380
5267
3326
6805
6435
9693
4776
463
1729
5043
5377
1074
2536
495
7399
5620
811
7544
2277
6793
6274
5485
222
6318
1840
2161
2581
3157
4608
3779
207
8125
9934
8248
1681
60
7010
55
9235
1980
7478
3665
6374
6080
5961
2236
2225
418
2429
4171
6807
7930
1146
7035
6581
5133
4357
8587
1351
1839
492
8393
8842
1094
3096
6725
9884
5197
2293
8965
912
6961
4733
6453
6749
3756
8480
4712
1398
4683
1840
8015
7876
5390
585
597
1440
4236
4318
8869
6941
81
3518
9064
641
7301
1814
6463
8580
5177
4464
7241
6322
4288
7544
1105
3803
6200
4143
4824
8185
2821
9417
5418
2449
6744
2481
6079
2930
2257
7997
2305
1931
7374
3900
9829
1897
1646
4091
776
6702
1702
1367
1831
3853
8063
2556
507
1554
9035
2460
2063
7871
4226
4476
3519
6624
7309
4904
1903
4272
6334
5191
2677
2885
3562
4169
6228
5910
6996
7869
1270
4876
1064
4638
3301
22
8544
9005
8022
1287
1686
219
2530
3691
8103
1501
5218
5671
2896
2994
9207
8285
9592
9584
8228
5183
6426
6554
280
3083
6189
8862
2411
2948
6353
6362
8501
8513
857
5727
261
1535
5903
3390
2021
66
616
5999
6312
4488
5238
2465
4044
1822
1060
6907
5442
3613
9345
4993
5318
4508
5260
6371
6621
5193
3512
287
4155
7345
7868
646
2927
7564
2554
2011
8939
4823
9849
1128
147
4793
2162
9659
1265
3831
3380
7566
1523
803
7220
8340
2370
6526
9172
3343
367
1406
2782
1567
5628
1403
7310
9973
5189
7732
7594
8917
8857
3311
4046
8538
9865
4621
7736
5363
8283
4283
1085
7051
9723
7765
710
8198
7471
661
794
5352
3478
1097
1305
2960
1068
4163
3891
8129
3372
153
915
2273
7139
6909
4011
810
988
6439
3517
5309
526
3086
8419
695
4190
5927
3195
5244
1474
2644
3059
8288
2292
29
173
8597
8159
2891
8351
2782
3305
833
3289
4657
4156
726
5140
6347
7954
7453
9764
3502
3933
7158
7849
3638
2385
9389
648
4777
2415
7759
5441
7676
2254
5277
3565
4210
6120
4810
6229
6959
8190
4814
9970
2427
7625
9341
4556
9507
6399
2162
8705
329
4685
6532
5301
9595
4999
6907
7872
2513
8745
5276
8089
2368
3529
751
9645
1291
6668
6850
4267
8170
3393
9734
3327
5155
3886
791
6937
4004
325
7241
6825
2690
7858
4990
9722
4843
7220
2341
9416
552
9589
7308
271
9599
3352
6758
4353
2293
1294
2599
5700
5409
517
7804
8374
875
894
2247
9085
1683
3145
4904
1904
7966
8591
1608
4907
5594
3852
1055
2387
1699
2215
4197
8359
7263
5871
3686
7086
7875
2788
9326
6019
8713
3550
2899
1914
2233
974
4882
494
6324
80
3170
4616
5407
8665
9525
2830
3292
1187
3965
2998
3141
8418
6891
8949
5778
8722
1490
2792
3434
367
298
1966
5653
8209
6209
6464
1264
4466
5836
2654
1866
6189
1915
2056
4203
2884
2810
8405
6005
9086
6595
3123
242
1643
433
6108
5293
3573
6000
546
381
6486
4480
5703
3083
8752
6857
3211
4132
7725
9368
8818
3914
2931
5831
8641
9782
8035
5258
5637
4088
751
7670
7073
6991
9494
3644
8354
6131
4221
7507
2192
9407
2523
8820
6691
3117
577
2031
2447
2618
2708
4298
4398
6472
616
4922
9769
3138
4491
4458
6275
7482
12
2584
3777
207
5094
1535
6922
2682
6765
6991
1111
4039
7091
9673
2390
8016
4055
5734
1281
8389
7515
5912
8758
328
5472
152
4739
2181
4848
8605
7009
5391
1704
2894
953
9462
4784
4991
2007
6196
8408
5576
7402
6982
5121
7764
7604
3896
502
4340
5045
8489
9333
1571
6702
4654
2733
277
8772
1378
3445
9784
2836
4891
6855
9741
1165
3464
1015
9536
8542
5366
6452
6082
7661
418
5914
9576
3473
8617
5746
6172
2589
6443
1863
7153
3114
5789
2597
4645
1471
5310
2927
8799
2608
978
7325
8695
9728
1338
641
3941
6164
404
1316
5233
1301
7326
82
7690
2529
3222
1231
1538
3263
9853
4452
7062
1886
2891
3818
7308
41
9708
8850
8357
744
7431
1598
6785
3702
5775
3936
2642
1547
6786
701
6073
9573
6750
2749
8493
9624
1204
6369
4090
4127
4693
9233
2485
2589
762
5842
4270
581
8976
9697
1582
2082
4527
4623
944
5428
139
3480
9756
8584
7907
4129
910
2082
7271
7534
5189
2570
2951
317
8984
3568
8791
786
4995
5901
2254
4800
287
6023
8494
7521
8751
3697
9326
4210
6742
3501
8386
4718
2311
9039
3756
1462
1076
7759
7244
1257
888
9722
5443
7702
5072
438
5525
5819
6499
3248
3261
5336
5155
2148
4474
6693
8412
6344
1175
5133
6793
4646
4345
22
3318
8340
2145
9774
5199
7921
3249
372
1576
7966
1724
943
8486
2422
9557
5247
1962
9547
4697
4542
2254
6591
233
2595
6856
45
4128
8019
4971
7618
291
4436
2173
2794
550
7983
7124
4731
6123
1761
8233
3176
7253
6655
5662
2627
3707
8051
8347
9475
599
8071
7524
525
3662
1805
6439
3874
6459
8520
8290
2469
5700
3035
8673
3703
4030
3484
453
7969
8029
4325
2480
1213
9811
1335
5052
2578
7737
4138
6331
8586
8619
1878
6105
497
4894
471
2254
8140
2637
9649
7425
8324
705
96
6934
4782
7535
3705
983
9224
8875
4931
7712
2081
6282
5612
1924
1798
7477
5081
2014
6901
9465
9918
4002
3072
9627
7958
8593
1583
4154
608
427
3682
6205
9750
223
4594
5099
6155
8462
9667
3769
9744
1070
9337
1101
6963
4554
1907
2194
6692
3031
7592
5093
3829
7409
6796
7115
6654
2819
4607
917
7979
5910
2531
4092
6690
2177
4185
7079
6900
5294
4438
764
6272
7246
775
2530
3678
3506
3534
1364
4063
4794
7063
8546
2078
6123
2508
6642
8131
3625
1184
3396
7860
7525
2172
6834
6600
6095
4181
2518
378
1052
1558
8694
6198
9474
9775
4235
2723
9601
8810
6992
3853
188
1077
1605
2174
5557
1777
546
2632
3862
9622
4505
2257
6283
4833
7172
3804
3326
1691
6718
9392
9210
2727
8958
2583
2369
4407
8349
7077
377
3980
2617
5395
2097
1336
4082
1271
7297
6529
9137
2210
6127
933
233
1829
3102
3957
4469
2289
6209
8559
4065
3738
7118
4316
1973
9735
3821
8002
8300
2376
783
7463
4227
9044
332
3635
1052
9022
5700
4912
7810
1780
4551
7009
2839
180
1073
6860
5770
6779
9981
4693
3236
1724
2650
3769
1105
5561
1323
5732
3243
1280
471
4383
1378
1589
449
6473
665
3416
2899
8337
6058
2883
3939
2877
7385
4515
2552
2058
9733
704
2069
3825
8603
3962
7747
3490
453
6594
7486
768
8496
6194
8022
8569
475
7018
8853
7472
9067
2376
9840
312
1259
8067
4295
8639
5297
532
8550
2148
9052
8802
2110
2455
1305
1001
6878
3788
1045
2789
7274
7388
7693
4177
1902
6296
1649
1638
2364
362
1319
6594
6817
9018
7195
1623
4454
3721
8564
8285
4017
3118
1154
278
2060
7579
5588
7691
6845
6011
4422
1352
7957
1898
2711
8576
4581
2913
6040
8206
6089
3436
3072
8122
2472
9098
8285
6485
5572
816
8262
6737
3532
1915
6444
5647
9857
9488
5742
582
8822
4737
2859
5869
768
4975
3425
5429
669
7815
4101
8054
5633
9386
3772
3845
8907
5308
9366
6398
198
4841
58
5764
1947
1391
9420
6018
6708
6876
7372
3805
2668
1109
1576
2456
3666
5471
9009
1171
4699
2046
2283
7633
3959
5784
3197
7413
7020
1733
2137
5337
7551
630
9462
378
7330
798
6392
6883
8855
3489
5617
692
6178
8856
2049
9582
3772
3870
825
1470
2804
731
2638
3060
6368
5066
8712
6064
8769
6504
9034
7592
8852
9436
9580
1575
1557
5422
9715
8933
4863
8853
9587
3071
6622
8640
1899
4899
4565
1680
4974
2315
7674
9073
5394
5555
4463
1508
6801
9544
2493
3978
6349
1328
4393
383
1329
224
4968
8112
6866
9741
4559
6890
6452
4402
6258
1569
5881
7387
7470
9657
1972
7628
6611
4005
7148
162
9305
4186
2476
3923
8675
5934
2199
5780
2417
1667
616
407
1503
90
3208
7999
1723
3205
6217
594
5684
5486
3455
1225
9838
1837
6079
3735
3666
346
6495
5492
6257
447
1212
1157
793
233
9147
8137
689
363
7159
7570
6014
7167
537
3902
2088
5674
8038
8306
215
3275
9218
8626
1911
8528
3522
3055
2170
852
6351
2157
3484
9017
3350
2592
8226
510
8845
6771
8108
2925
3920
1524
8410
4292
8505
463
3194
4637
8158
933
7615
1100
9093
6969
8413
7813
2258
6408
5009
6184
2641
1282
4974
2794
2782
8233
1554
6721
6049
9685
7943
2395
9944
9793
7269
5644
4397
838
6036
2754
7511
3025
1823
7718
8444
7732
2789
9538
9683
1974
6218
3225
5207
4535
1674
1160
9864
1829
5453
2263
9116
8372
3941
4555
9219
3117
8532
1163
4968
4822
4795
813
5523
490
6957
5741
4059
660
8627
8873
7289
1789
4792
4396
2391
7760
7156
213
8744
6183
7622
4771
4337
4180
891
9839
6709
1165
8123
1334
3934
7716
4834
9554
5351
7474
2716
9252
4535
6912
3866
3184
8807
4082
769
8836
4997
1664
6929
8054
673
5234
1539
6074
6884
1848
5100
541
4881
3235
8702
9344
2340
7412
1486
5684
9911
5390
8432
6079
6291
2970
430
1177
1651
5848
5400
9174
4995
7868
8629
3279
7144
6364
4423
5007
1946
6501
397
9319
9164
8229
1426
5150
6461
329
626
2969
3926
371
1101
1139
691
2583
5572
8185
6303
7618
769
165
2551
2952
8435
2292
9137
3113
4566
8438
5990
5103
5809
7458
8618
3254
3465
5971
8589
856
4755
9267
6649
9348
2999
7011
443
8538
4176
4548
2783
9414
3503
1029
8725
4215
9440
9833
4176
9883
9156
7860
4700
6777
653
786
6223
1498
664
9636
760
9764
2629
8776
724
1733
7874
2883
8992
6232
7365
126
7641
6999
5352
5195
7567
1678
2591
8194
1512
2600
7941
668
3745
5832
2116
6283
9102
7797
8660
3412
8659
8835
1562
90
8891
9722
4834
7208
5
2357
2888
7451
9903
2154
3135
1978
7291
8017
6756
9779
5934
402
2797
2291
4327
6351
6603
5537
2829
2651
3599
4743
3057
7158
3417
1358
6018
7975
9051
6709
9855
7269
7340
1823
8503
4065
2856
3654
4604
1219
5141
7407
5110
2351
5024
9484
1700
3012
8294
6871
9310
2865
6863
2194
3190
3652
8660
8552
1676
6257
2865
6527
7616
3419
982
5581
8659
9330
6967
8244
5414
2473
7043
668
9332
9762
5714
8123
1980
6425
4856
8099
6998
1706
3030
2632
374
1247
1407
1644
5214
2522
2760
9417
1454
7467
873
3787
9607
5775
9312
8631
5870
9350
7861
7308
7372
7199
8439
2981
2865
3634
5093
7943
904
8393
3610
509
9094
1884
7007
5790
5148
1672
5924
4200
4541
219
8362
8667
8713
4894
4983
4564
2599
2591
9020
3380
7569
7210
547
3885
6313
5844
2802
5257
8714
9684
8605
2566
1033
1295
7080
4066
3754
974
6201
6095
9119
9293
9356
6419
5979
2690
1632
5582
453
4408
9679
9369
6792
8312
8411
3864
8759
7779
4323
7035
2110
9150
5605
9911
1043
2827
1565
7915
6796
464
2460
7122
5514
1638
7316
7237
5762
4543
1103
9530
5933
8629
4832
4125
1925
4956
9649
25
592
9683
6891
5986
553
3020
7652
1186
5241
3765
8227
911
7637
1650
4463
9334
1169
9465
4309
8646
2658
1194
1576
8475
8929
2361
595
8437
6524
6969
7418
5476
9398
7
7983
2307
6623
6416
4176
7454
1982
8800
5645
3057
1898
376
1159
1758
9096
1563
3028
6650
4463
4277
3679
4549
8391
5849
1309
997
1760
7461
7082
2222
7183
7092
7218
544
4755
4400
3276
5580
6598
3425
1648
3812
7439
5287
5656
6526
9188
9920
6053
1941
5788
4742
7113
6973
1715
4792
4753
3873
7126
1955
9542
6858
5822
717
2905
9726
4251
8814
6251
1458
7381
8940
1711
8365
1239
6673
8839
6011
696
8891
1355
7579
3214
9872
2184
4534
8055
731
7428
4156
8130
584
6944
9133
2840
4407
5735
2224
9321
3584
5251
1732
4384
8196
8335
6272
3368
1996
2502
7257
2984
3329
7882
8080
3801
9671
4561
2645
905
3206
9706
1468
8344
4214
5997
8714
6368
9366
6177
1292
7058
6761
9639
884
7578
1327
9315
4290
7028
3547
9243
6603
5688
4790
2919
920
5265
9023
7640
573
2700
1612
102
1508
9260
6338
3538
7525
6778
2942
2666
8277
553
5486
5355
5769
5128
2078
7936
4277
4752
1842
4696
3365
8093
5757
6566
6742
6682
156
8130
7842
7749
9779
8605
1943
33
5249
8065
8531
6554
4946
8903
6750
2772
4177
3938
6564
9260
4136
5833
7054
2432
4806
2754
6411
3322
6411
7306
9152
6263
3587
8433
6089
5430
3068
2642
3402
5036
7510
8816
9144
8725
6743
7483
6189
7333
2808
6434
587
4012
3583
3059
7808
2327
3625
8670
2626
9859
8596
6455
5096
733
7606
4826
2917
6309
7134
8585
7394
3057
4421
3633
1078
2590
80
747
5396
5457
5701
6830
6994
571
6760
2705
161
8379
753
6078
9086
8013
8683
3571
3076
5296
5307
8914
8507
4742
2971
8600
2849
5252
3298
7082
5779
2473
3970
9851
1833
3596
5950
506
9867
2734
3318
24
708
4142
928
9080
9826
2763
341
9103
5462
5204
2853
7579
5982
8171
9031
3840
6076
4745
9170
6413
8051
2139
3329
1870
8798
3449
6582
3978
5853
775
4670
6108
588
4917
9756
4719
9154
9665
2549
6130
5939
1564
3528
4331
5474
3738
4104
4887
5687
4979
3047
3312
6201
1158
5536
6072
3112
3614
3825
8706
8281
972
1412
528
3887
2371
8136
390
4018
1731
4817
3789
7535
638
3848
1972
4652
2518
5616
9473
806
7015
6023
662
4041
1537
2404
1054
5243
1853
9827
8086
8677
2592
1419
7720
7519
3486
9657
4483
215
7606
4938
8983
4702
8188
986
5724
9295
2020
3044
9202
2621
985
9124
4274
2104
6285
1953
3620
1691
4411
2881
7562
981
7832
7864
2329
4305
6456
5601
5592
9541
1533
3015
3425
2468
7322
9552
5781
8576
8070
6871
8156
9088
5548
9812
4106
4361
6496
3706
6765
8876
5947
3454
7922
2332
8279
7087
1815
9418
2806
8453
4843
8767
4620
3418
7074
1397
7870
4160
2213
9442
4962
6302
1318
1218
2582
3419
8673
3216
4828
1093
6701
1169
6515
1501
1714
6574
3377
4499
9093
956
9980
4778
3263
5225
4376
2200
7852
3268
5466
7693
2942
8410
2284
2397
7698
4281
5145
8395
8954
9186
7496
1011
8042
1376
9157
4868
1902
7024
6490
7641
9608
6476
6622
7539
4968
9623
1764
6101
4099
7159
4068
8187
3126
6106
1894
8327
6932
8823
6218
8393
4555
2371
9141
3211
9909
8876
8198
4502
3770
9253
951
4437
1139
3774
4687
2388
1753
5343
5716
6868
4268
7057
8173
6830
3968
3817
4166
3041
5873
3906
3421
9098
6647
6853
7849
479
2788
3864
2746
5352
7995
1249
2891
618
1819
325
1412
3265
9848
9682
6924
9066
2043
9061
4828
2682
7519
8184
847
5822
1597
3676
8149
8113
9522
1487
4119
9587
1019
329
757
7596
8851
2777
2298
2221
6163
9687
4593
206
4424
2406
3681
5082
8707
936
8036
1348
6329
621
8949
7908
4283
8986
8936
7969
8928
9826
8083
221
6845
6756
7498
5448
5479
224
9785
6305
2144
6551
4074
9296
8157
8942
6054
4441
6344
7726
1192
4830
17
4060
9501
1221
1919
8704
856
1120
9957
1172
7042
5727
111
7451
1870
7230
4507
2539
9947
3228
9925
5112
7362
106
2011
5471
9407
1259
6527
4188
3693
7230
3051
4280
2730
9701
2302
5122
2122
9938
6181
7929
9479
781
453
5251
5237
2084
8564
7117
308
1600
7047
1632
3342
5407
8310
2316
5313
5059
8076
3284
9207
3383
8507
8709
816
6937
380
5412
6593
3289
1171
3123
3862
2764
4193
1200
1763
2413
5204
1371
504
8449
1625
1121
8355
133
8738
2873
3695
5271
2882
1499
7305
3341
7620
1560
5316
8965
1948
5418
6179
1643
3029
4376
8515
5584
7386
9254
5851
3085
1728
7895
9884
5716
8352
8224
9298
6255
35
715
4125
9896
7286
4804
8393
6276
6268
7252
8504
1613
115
4903
1986
1578
350
1548
3571
8845
850
665
1091
5433
413
728
5219
6541
7232
466
178
4210
1101
9654
7407
2461
3275
8741
2121
7265
758
8542
9394
3956
6228
3377
2531
8828
3091
8130
3049
4182
7709
3388
765
9763
6925
7088
481
464
1212
2985
7429
4704
4964
1036
6442
7720
2534
4433
7342
102
2438
1048
8134
783
740
7243
8938
596
3926
4558
6313
7760
1040
8469
814
913
1862
1027
506
432
3976
1866
3153
4495
8508
5763
9953
1870
8554
731
7180
169
7152
8713
8854
7650
7718
1304
6250
6534
1804
5269
4120
4527
8735
1447
3545
8662
3578
8101
9299
9538
3929
6376
8199
1473
4489
1775
8328
2594
4172
5001
6710
493
7848
4019
1720
5760
5775
4301
921
2646
5049
251
521
6742
2813
3445
7316
7542
6159
1003
8575
6729
6451
7913
5742
6556
6591
4371
8675
7129
943
8013
1170
822
7698
8202
3424
5790
6034
5967
6985
3721
305
8706
2064
6154
5135
4580
4257
4213
9367
9865
2962
619
5993
560
6585
3939
5011
2131
7399
2055
5704
5037
8530
7880
7186
6098
8768
3423
3940
7296
7599
2465
4680
5328
961
8686
3096
2457
5861
6119
216
6225
2481
7673
7392
7536
5899
858
9671
1892
5639
6511
6266
9963
8139
520
4413
2048
7870
7480
5400
5989
2558
7988
6435
7737
145
9816
8892
8518
6484
6768
7461
8969
863
1082
2427
2783
2521
1254
9376
4857
9527
7142
7946
7388
9136
3352
1253
1256
7277
573
291
7810
2940
4629
4404
2063
8643
9065
1472
1248
2129
4053
6641
7573
6688
6016
6542
6671
7911
2457
9538
823
6956
5648
2748
3396
8583
4334
3551
5852
8465
3297
3129
7579
5371
5672
5840
2281
7083
3304
1240
6283
1617
4377
3714
9080
2937
3680
5407
7798
1321
7673
6658
4480
1865
3344
451
9575
306
829
943
3715
2959
5546
2861
3507
3424
929
1228
9688
7038
7271
3799
9851
1145
8880
5451
630
9484
1629
6911
7958
978
9721
8802
2539
4098
3051
7763
3033
630
568
3289
8334
6714
4057
771
1040
527
4741
9402
6962
3327
7499
9970
6291
2298
878
2079
9364
1183
6780
5029
1316
6887
3149
6359
8330
2316
5157
193
1533
1303
150
4978
1443
7478
9797
208
1925
2572
6902
5871
3179
9218
3463
5917
9849
6987
7287
8580
5989
4422
8081
4515
6884
1532
441
2438
1009
6937
1009
4817
41
2008
8424
7724
5749
5879
5216
8072
2789
3114
4010
8864
7174
939
368
4010
544
2175
6671
9981
3966
5619
3760
45
3306
7605
3889
1777
228
4383
612
1174
2383
4543
1075
4764
6905
4082
4991
7182
9765
6382
4676
1151
8231
7791
2682
8272
7963
8009
5867
8014
1410
3612
1068
9160
6954
934
8729
8366
7416
1346
1986
3061
677
3054
7388
2727
7219
4650
6645
2295
986
3692
6920
2434
9571
7105
7545
2561
5487
2926
2285
8251
2261
1268
6825
8567
8680
3138
2070
4271
2401
7524
5902
3041
1757
9466
7254
303
9669
7667
7351
6054
3110
3336
4026
8443
2813
9269
3520
5921
7841
1202
3851
7528
8412
1936
5053
4255
9415
4078
9307
826
2994
4059
4989
3262
1245
7798
4021
9
5429
1842
4265
352
3966
1861
5279
5888
8073
4895
6388
3381
2851
8552
2856
8329
8266
3234
7290
9684
4301
9438
5516
209
3695
7466
5378
1698
8391
5432
285
522
8039
5754
1982
456
9350
1657
9753
8835
1260
7588
9464
1329
5466
3701
4744
8050
852
1216
9876
4825
1196
806
5277
7370
3580
3046
3795
9278
6672
4210
7762
5620
1085
7423
7995
3603
2162
9926
5806
2698
9834
487
4609
8216
7866
9758
1632
2263
7309
3630
3105
2466
2314
3721
7346
4360
7902
1089
9762
2457
6924
2953
8216
7357
6190
4149
8100
7524
8406
1136
1856
1416
4821
3133
3987
782
2775
5333
2642
9468
3338
9902
979
8196
105
5388
7887
8526
5225
7841
5139
3013
7295
1697
3060
6775
9083
2561
7916
4512
2006
9229
4757
2368
6707
7512
2641
9256
981
8174
2628
5253
9965
5766
15
3875
4510
1299
5721
1362
6512
2218
7019
3286
4668
9229
2249
5208
5866
1510
7064
7178
9189
4927
8384
8008
6760
2542
9120
8074
7592
1119
8521
4166
685
5417
8776
8434
6349
8818
723
7559
7863
6206
1470
1361
4793
4931
6186
9475
7487
712
4988
6919
1561
1996
9942
1571
9399
1506
6788
1927
3315
8922
6900
8419
4203
2907
9971
4998
186
2381
3424
8241
5203
1971
1584
2617
233
5797
9885
1307
9805
8588
1195
2442
9812
5894
9193
581
132
9561
6016
6388
6364
9172
8252
6064
4509
4721
6115
5202
4153
8359
5750
4659
855
3580
964
7587
7967
472
4598
1622
5528
5844
8090
7224
2475
9489
7167
6065
7108
5270
5177
6692
8437
1249
8786
8705
2903
4286
462
2667
9502
6133
377
3107
4775
8142
1519
6179
7521
8592
6167
2535
9845
5558
3629
7029
3299
8467
618
1453
1066
3965
5347
9212
8628
5028
8955
3275
5452
374
7718
1780
509
6123
6635
5828
9432
8859
2100
4556
7793
8768
4629
4353
759
4406
3863
6484
2974
1086
9488
5420
2555
546
3681
9199
7755
8323
5884
3344
9712
5678
9343
6578
9641
7549
8689
3146
2173
1961
6856
9330
4420
125
4053
9370
8530
4038
2605
4649
5841
4935
5652
5234
5658
9642
8744
1346
4271
6896
6135
8965
648
4681
2159
7640
4968
5982
2960
1593
8411
2027
8207
2522
8670
1659
4570
6037
2523
3612
979
6122
2576
1554
3723
2291
5339
615
2748
9320
6004
2400
1586
2526
3799
9003
5991
9083
9052
2388
1467
5141
4181
2006
8589
3016
4035
5966
3832
886
4453
7996
2204
7480
2575
9123
3143
7203
483
6288
5616
5286
4414
3575
3616
4896
4129
9336
302
2750
4811
4785
9014
4066
3167
7165
8453
543
711
4442
5939
8129
9989
9704
5453
6441
4082
5597
9629
8022
6901
1094
2441
2175
6577
3736
534
6637
235
5669
2422
7782
4487
1273
6165
5284
6622
8196
6939
1572
7902
6850
6271
8762
7566
2998
3049
6481
7660
9094
7906
720
8614
5663
8171
6760
2257
6936
5206
7755
3417
581
6532
3863
2069
2034
6188
1135
8822
9199
8677
5146
1996
603
7440
8292
1093
1705
4037
9571
3763
2368
9193
9157
4761
5294
1097
8181
8834
8524
1205
2508
3869
8940
3564
9844
3417
1054
1439
7879
2585
9411
5013
5910
933
1577
203
4917
7165
9077
2981
7092
3641
8063
3638
2841
8306
6871
56
1993
9431
3557
4696
1813
797
7022
3473
6049
7815
7523
9939
752
333
9683
7856
7211
2556
4768
3603
4432
2394
2447
413
6151
7060
5481
6685
3104
9430
1311
1243
3064
6198
7738
6722
9771
7885
9920
8440
2771
6547
7075
4219
2382
6150
7427
9705
3150
919
6356
2908
5593
9969
8026
6880
433
1590
5280
3906
8142
7192
2681
7800
8711
5025
781
5703
5200
5392
3781
3156
2574
2769
9058
363
4245
7975
6184
6293
3410
9400
7496
5018
5045
9845
3210
3107
7397
5060
6649
7066
1880
6701
3801
80
7034
7997
5956
2091
5290
5850
2689
378
4197
9348
9062
8375
3114
7028
7300
8120
8924
2596
6817
1409
9862
4523
6324
6457
4472
4051
8760
6887
2512
9144
275
6682
7124
1055
3825
4306
5324
2608
7673
6398
4732
4354
2049
7331
3375
194
4477
3781
9375
3263
9107
8805
3313
2229
218
808
5374
5669
9281
1519
5947
3677
2892
3576
2970
2089
4856
7649